Elevacao = 1
  0.0  0.66 -99.00 -99.00
  0.5  0.66   0.00   0.00
  1.0  0.67   0.00   0.00
  1.5  0.67   0.00   0.00
  2.0  0.67   0.00   0.00
  2.5  0.68   0.00   0.00
  3.0  0.68   0.00   0.00
  3.5  0.68   0.00   0.00
  4.0  0.69   0.00   0.00
  4.5  0.69   0.00   0.00
  5.0  0.69   0.00   0.00
  5.5  0.70   0.00   0.00
  6.0  0.70   0.00   0.00
  6.5  0.70   0.00   0.00
  7.0  0.71   0.00   0.00
  7.5  0.71   0.00   0.00
  8.0  0.71   0.00   0.00
  8.5  0.72   0.00   0.00
  9.0  0.72   0.00   0.00
  9.5  0.72   0.00   0.00
 10.0  0.73   0.00   0.00
 10.5  0.73   0.00   0.00
 11.0  0.73   0.00   0.00
 11.5  0.74   0.00   0.00
 12.0  0.74   0.00   0.00
 12.5  0.75   0.00   0.00
 13.0  0.75   0.00   0.00
 13.5  0.75   0.00   0.00
 14.0  0.76   0.00   0.00
 14.5  0.76   0.00   0.00
 15.0  0.77   0.00   0.00
 15.5  0.77   0.00   0.00
 16.0  0.77   0.00   0.00
 16.5  0.78   0.00   0.00
 17.0  0.78   0.00   0.00
 17.5  0.79   0.00   0.00
 18.0  0.79   0.00   0.00
 18.5  0.79   0.00   0.00
 19.0  0.80   0.00   0.00
 19.5  0.80   0.00   0.00
 20.0  0.81   0.00   0.00
 20.5  0.81   0.00   0.00
 21.0  0.81   0.00   0.00
 21.5  0.82   0.00   0.00
 22.0  0.82   0.00   0.00
 22.5  0.83   0.00   0.00
 23.0  0.83   0.00   0.00
 23.5  0.84   0.00   0.00
 24.0  0.84   0.00   0.00
 24.5  0.85   0.00   0.00
 25.0  0.85   0.00   0.00
 25.5  0.85   0.00   0.00
 26.0  0.86   0.00   0.00
 26.5  0.86   0.00   0.00
 27.0  0.87   0.00   0.00
 27.5  0.87   0.00   0.00
 28.0  0.88   0.00   0.00
 28.5  0.88   0.00   0.00
 29.0  0.89   0.00   0.00
 29.5  0.89   0.00   0.00
 30.0  0.90   0.00   0.00
 30.5  0.90   0.00   0.00
 31.0  0.91   0.00   0.00
 31.5  0.91   0.00   0.00
 32.0  0.92   0.00   0.00
 32.5  0.92   0.00   0.00
 33.0  0.93   0.00   0.00
 33.5  0.93   0.00   0.00
 34.0  0.94   0.00   0.00
 34.5  0.94   0.00   0.00
 35.0  0.95   0.00   0.00
 35.5  0.95   0.00   0.00
 36.0  0.96   0.00   0.00
 36.5  0.96   0.00   0.00
 37.0  0.97   0.00   0.00
 37.5  0.97   0.00   0.00
 38.0  0.98   0.00   0.00
 38.5  0.98   0.00   0.00
 39.0  0.99   0.00   0.00
 39.5  0.99   0.00   0.00
 40.0  1.00   0.00   0.00
 40.5  1.00   0.00   0.00
 41.0  1.01   0.00   0.00
 41.5  1.02   0.00   0.00
 42.0  1.02   0.00   0.00
 42.5  1.03   0.00   0.00
 43.0  1.03   0.00   0.00
 43.5  1.04   0.00   0.00
 44.0  1.04   0.00   0.00
 44.5  1.05   0.00   0.00
 45.0  1.05   0.00   0.00
 45.5  1.06   0.00   0.00
 46.0  1.07   0.00   0.00
 46.5  1.07   0.00   0.00
 47.0  1.08   0.00   0.00
 47.5  1.08   0.00   0.00
 48.0  1.09   0.00   0.00
 48.5  1.09   0.00   0.00
 49.0  1.10   0.00   0.00
 49.5  1.11   0.00   0.00
 50.0  1.11   0.00   0.00
 50.5  1.12   0.00   0.00
 51.0  1.13   0.00   0.00
 51.5  1.13   0.00   0.00
 52.0  1.14   0.00   0.00
 52.5  1.14   0.00   0.00
 53.0  1.15   0.00   0.00
 53.5  1.16   0.00   0.00
 54.0  1.16   0.00   0.00
 54.5  1.17   0.00   0.00
 55.0  1.17   0.00   0.00
 55.5  1.18   0.00   0.00
 56.0  1.19   0.00   0.00
 56.5  1.19   0.00   0.00
 57.0  1.20   0.00   0.00
 57.5  1.21   0.00   0.00
 58.0  1.21   0.00   0.00
 58.5  1.22   0.00   0.00
 59.0  1.22   0.00   0.00
 59.5  1.23   0.00   0.00
 60.0  1.24   0.00   0.00
 60.5  1.24   0.00   0.00
 61.0  1.25   0.00   0.00
 61.5  1.26   0.00   0.00
 62.0  1.26   0.00   0.00
 62.5  1.27   0.00   0.00
 63.0  1.28   0.00   0.00
 63.5  1.28   0.00   0.00
 64.0  1.29   0.00   0.00
 64.5  1.30   0.00   0.00
 65.0  1.31   0.00   0.00
 65.5  1.31   0.00   0.00
 66.0  1.32   0.00   0.00
 66.5  1.33   0.00   0.00
 67.0  1.33   0.00   0.00
 67.5  1.34   0.00   0.00
 68.0  1.35   0.00   0.00
 68.5  1.36   0.00   0.00
 69.0  1.36   0.00   0.00
 69.5  1.37   0.00   0.00
 70.0  1.38   0.00   0.00
 70.5  1.38   0.00   0.00
 71.0  1.39   0.00   0.00
 71.5  1.40   0.00   0.00
 72.0  1.41   0.00   0.00
 72.5  1.41   0.00   0.00
 73.0  1.42   0.00   0.00
 73.5  1.43   0.00   0.00
 74.0  1.43   0.00   0.00
 74.5  1.44   0.00   0.00
 75.0  1.45   0.00   0.00
 75.5  1.46   0.00   0.00
 76.0  1.47   0.00   0.00
 76.5  1.47   0.00   0.00
 77.0  1.48   0.00   0.00
 77.5  1.49   0.00   0.00
 78.0  1.49   0.00   0.00
 78.5  1.50   0.00   0.00
 79.0  1.51   0.00   0.00
 79.5  1.52   0.00   0.00
 80.0  1.53   0.00   0.00
 80.5  1.53   0.00   0.00
 81.0  1.54   0.00   0.00
 81.5  1.55   0.00   0.00
 82.0  1.56   0.00   0.00
 82.5  1.56   0.00   0.00
 83.0  1.57   0.00   0.00
 83.5  1.58   0.00   0.00
 84.0  1.59   0.00   0.00
 84.5  1.60   0.00   0.00
 85.0  1.61   0.00   0.00
 85.5  1.61   0.00   0.00
 86.0  1.62   0.00   0.00
 86.5  1.63   0.00   0.00
 87.0  1.64   0.00   0.00
 87.5  1.65   0.00   0.00
 88.0  1.65   0.00   0.00
 88.5  1.66   0.00   0.00
 89.0  1.67   0.00   0.00
 89.5  1.68   0.00   0.00
 90.0  1.69   0.00   0.00
 90.5  1.70   0.00   0.00
 91.0  1.70   0.00   0.00
 91.5  1.71   0.00   0.00
 92.0  1.72   0.00   0.00
 92.5  1.73   0.00   0.00
 93.0  1.74   0.00   0.00
 93.5  1.75   0.00   0.00
 94.0  1.76   0.00   0.00
 94.5  1.76   0.00   0.00
 95.0  1.77   0.00   0.00
 95.5  1.78   0.00   0.00
 96.0  1.79   0.00   0.00
 96.5  1.80   0.00   0.00
 97.0  1.81   0.00   0.00
 97.5  1.82   0.00   0.00
 98.0  1.83   0.00   0.00
 98.5  1.83   0.00   0.00
 99.0  1.84   0.00   0.00
 99.5  1.85   0.00   0.00
Elevacao = 2
  0.0  0.66 -99.00 -99.00
  0.5  0.67  -2.50  -2.50
  1.0  0.68 -16.50 -16.50
  1.5  0.69 -99.00 -99.00
  2.0  0.70 -17.50 -17.50
  2.5  0.71 -99.00 -99.00
  3.0  0.72 -99.00 -99.00
  3.5  0.73 -99.00 -99.00
  4.0  0.74  -2.50  -2.50
  4.5  0.74  -1.00  -1.00
  5.0  0.75  -2.50  -2.50
  5.5  0.76   4.50   4.50
  6.0  0.77   3.50   3.50
  6.5  0.78  -3.50  -3.50
  7.0  0.79  -2.00  -2.00
  7.5  0.80   5.50   5.50
  8.0  0.81   7.50   7.50
  8.5  0.82   0.50   0.50
  9.0  0.83   4.50   4.50
  9.5  0.84   4.00   4.00
 10.0  0.85   5.00   5.00
 10.5  0.86   4.50   4.50
 11.0  0.87  -2.00  -2.00
 11.5  0.88 -99.00 -99.00
 12.0  0.89 -99.00 -99.00
 12.5  0.90 -99.00 -99.00
 13.0  0.91 -99.00 -99.00
 13.5  0.92 -99.00 -99.00
 14.0  0.93 -99.00 -99.00
 14.5  0.94 -99.00 -99.00
 15.0  0.95 -99.00 -99.00
 15.5  0.96 -99.00 -99.00
 16.0  0.97 -99.00 -99.00
 16.5  0.98 -99.00 -99.00
 17.0  0.99 -99.00 -99.00
 17.5  1.00 -99.00 -99.00
 18.0  1.01 -99.00 -99.00
 18.5  1.02 -99.00 -99.00
 19.0  1.03 -99.00 -99.00
 19.5  1.04 -99.00 -99.00
 20.0  1.05 -99.00 -99.00
 20.5  1.06 -99.00 -99.00
 21.0  1.07 -99.00 -99.00
 21.5  1.08 -99.00 -99.00
 22.0  1.09 -99.00 -99.00
 22.5  1.10 -99.00 -99.00
 23.0  1.11 -99.00 -99.00
 23.5  1.12 -99.00 -99.00
 24.0  1.13 -99.00 -99.00
 24.5  1.14 -99.00 -99.00
 25.0  1.16   5.50   5.50
 25.5  1.17   7.50   7.50
 26.0  1.17   5.00   5.00
 26.5  1.19  11.00  11.00
 27.0  1.20  14.00  14.00
 27.5  1.21  13.50  13.50
 28.0  1.22  15.00  15.00
 28.5  1.23  16.50  16.50
 29.0  1.24  16.50  16.50
 29.5  1.25  16.50  16.50
 30.0  1.26  16.50  16.50
 30.5  1.27  18.50  18.50
 31.0  1.29  18.00  18.00
 31.5  1.30  21.50  21.50
 32.0  1.31  21.50  21.50
 32.5  1.32  21.50  21.50
 33.0  1.33  20.50  20.50
 33.5  1.34  24.00  24.00
 34.0  1.35  23.00  23.00
 34.5  1.36  25.00  25.00
 35.0  1.37  23.50  23.50
 35.5  1.39  26.00  26.00
 36.0  1.40  27.00  27.00
 36.5  1.41  26.00  26.50
 37.0  1.42  26.50  27.00
 37.5  1.43  27.00  27.50
 38.0  1.44  27.50  28.00
 38.5  1.45  26.50  27.00
 39.0  1.46  23.50  24.00
 39.5  1.47  26.00  26.50
 40.0  1.49  25.50  26.00
 40.5  1.50  25.50  26.00
 41.0  1.51  29.00  29.50
 41.5  1.52  32.00  32.50
 42.0  1.53  33.50  34.00
 42.5  1.54  36.50  37.50
 43.0  1.56  38.00  39.00
 43.5  1.57  34.00  35.50
 44.0  1.58  37.00  38.50
 44.5  1.59  34.00  35.50
 45.0  1.60  34.50  36.00
 45.5  1.61  34.00  36.00
 46.0  1.63  32.50  34.50
 46.5  1.64  28.00  30.00
 47.0  1.65  32.00  34.00
 47.5  1.66  36.50  39.00
 48.0  1.67  40.50  43.00
 48.5  1.69  41.50  45.00
 49.0  1.70  40.00  44.00
 49.5  1.71  34.00  38.50
 50.0  1.72  31.50  36.00
 50.5  1.74  27.00  31.50
 51.0  1.75  25.00  30.00
 51.5  1.76  22.50  27.50
 52.0  1.77  19.50  24.50
 52.5  1.78  19.50  24.50
 53.0  1.79  19.50  24.50
 53.5  1.81  21.50  26.50
 54.0  1.82  29.00  34.00
 54.5  1.83  40.00  45.50
 55.0  1.85  38.00  44.00
 55.5  1.86  32.50  39.00
 56.0  1.87  29.00  35.50
 56.5  1.88  29.50  36.50
 57.0  1.90  24.50  31.50
 57.5  1.91  23.00  30.00
 58.0  1.92  22.50  29.50
 58.5  1.93  24.50  31.50
 59.0  1.94  25.50  32.50
 59.5  1.96  35.00  42.50
 60.0  1.97  33.00  41.00
 60.5  1.98  36.50  45.00
 61.0  2.00  36.50  46.00
 61.5  2.01  36.00  46.00
 62.0  2.02  33.00  44.00
 62.5  2.04  33.00  44.50
 63.0  2.05  26.00  38.00
 63.5  2.06  20.50  32.50
 64.0  2.07  18.00  30.00
 64.5  2.09  16.50  28.50
 65.0  2.10  14.00  26.00
 65.5  2.11  20.00  32.00
 66.0  2.13  16.50  28.50
 66.5  2.14 -99.00 -99.00
 67.0  2.15 -99.00 -99.00
 67.5  2.16 -99.00 -99.00
 68.0  2.18 -99.00 -99.00
 68.5  2.19 -99.00 -99.00
 69.0  2.20 -99.00 -99.00
 69.5  2.22 -99.00 -99.00
 70.0  2.23 -99.00 -99.00
 70.5  2.24 -99.00 -99.00
 71.0  2.26 -99.00 -99.00
 71.5  2.27 -99.00 -99.00
 72.0  2.28 -99.00 -99.00
 72.5  2.30 -99.00 -99.00
 73.0  2.31 -99.00 -99.00
 73.5  2.32 -99.00 -99.00
 74.0  2.34 -99.00 -99.00
 74.5  2.35 -99.00 -99.00
 75.0  2.36 -99.00 -99.00
 75.5  2.38 -99.00 -99.00
 76.0  2.39 -99.00 -99.00
 76.5  2.41 -99.00 -99.00
 77.0  2.42 -99.00 -99.00
 77.5  2.43 -99.00 -99.00
 78.0  2.45 -99.00 -99.00
 78.5  2.46 -99.00 -99.00
 79.0  2.48 -99.00 -99.00
 79.5  2.49 -99.00 -99.00
 80.0  2.50 -99.00 -99.00
 80.5  2.52 -99.00 -99.00
 81.0  2.53 -99.00 -99.00
 81.5  2.55 -99.00 -99.00
 82.0  2.56 -99.00 -99.00
 82.5  2.57 -99.00 -99.00
 83.0  2.59 -99.00 -99.00
 83.5  2.60 -99.00 -99.00
 84.0  2.61 -99.00 -99.00
 84.5  2.63 -99.00 -99.00
 85.0  2.64 -99.00 -99.00
 85.5  2.66 -99.00 -99.00
 86.0  2.67 -99.00 -99.00
 86.5  2.69 -99.00 -99.00
 87.0  2.70 -99.00 -99.00
 87.5  2.72 -99.00 -99.00
 88.0  2.73 -99.00 -99.00
 88.5  2.75 -99.00 -99.00
 89.0  2.76 -99.00 -99.00
 89.5  2.77 -99.00 -99.00
 90.0  2.79 -99.00 -99.00
 90.5  2.80 -99.00 -99.00
 91.0  2.82 -99.00 -99.00
 91.5  2.83 -99.00 -99.00
 92.0  2.85 -99.00 -99.00
 92.5  2.86 -99.00 -99.00
 93.0  2.88 -99.00 -99.00
 93.5  2.89 -99.00 -99.00
 94.0  2.90 -99.00 -99.00
 94.5  2.92 -99.00 -99.00
 95.0  2.93 -99.00 -99.00
 95.5  2.95 -99.00 -99.00
 96.0  2.96 -99.00 -99.00
 96.5  2.98 -99.00 -99.00
 97.0  2.99 -99.00 -99.00
 97.5  3.01 -99.00 -99.00
 98.0  3.02 -99.00 -99.00
 98.5  3.04 -99.00 -99.00
 99.0  3.05 -99.00 -99.00
 99.5  3.07 -99.00 -99.00
Elevacao = 3
  0.0  0.66 -99.00 -99.00
  0.5  0.68  10.50  10.50
  1.0  0.69 -99.00 -99.00
  1.5  0.71 -99.00 -99.00
  2.0  0.73 -99.00 -99.00
  2.5  0.75 -15.50 -15.50
  3.0  0.76 -99.00 -99.00
  3.5  0.78 -99.00 -99.00
  4.0  0.80  -1.00  -1.00
  4.5  0.81   0.50   0.50
  5.0  0.83  -7.50  -7.50
  5.5  0.85  -4.00  -4.00
  6.0  0.86   2.00   2.00
  6.5  0.88   0.00   0.00
  7.0  0.90 -99.00 -99.00
  7.5  0.92   0.00   0.00
  8.0  0.93  -0.50  -0.50
  8.5  0.95  -6.50  -6.50
  9.0  0.97  -4.00  -4.00
  9.5  0.99   3.50   3.50
 10.0  1.01   5.50   5.50
 10.5  1.02  -4.50  -4.50
 11.0  1.04 -99.00 -99.00
 11.5  1.06 -99.00 -99.00
 12.0  1.08 -99.00 -99.00
 12.5  1.10 -99.00 -99.00
 13.0  1.11 -99.00 -99.00
 13.5  1.13 -99.00 -99.00
 14.0  1.15 -99.00 -99.00
 14.5  1.17 -99.00 -99.00
 15.0  1.18 -99.00 -99.00
 15.5  1.20 -99.00 -99.00
 16.0  1.22 -99.00 -99.00
 16.5  1.24 -99.00 -99.00
 17.0  1.25 -99.00 -99.00
 17.5  1.27 -99.00 -99.00
 18.0  1.29 -99.00 -99.00
 18.5  1.31 -99.00 -99.00
 19.0  1.33 -99.00 -99.00
 19.5  1.34 -99.00 -99.00
 20.0  1.36 -99.00 -99.00
 20.5  1.38 -99.00 -99.00
 21.0  1.40 -99.00 -99.00
 21.5  1.42 -99.00 -99.00
 22.0  1.44 -99.00 -99.00
 22.5  1.45 -99.00 -99.00
 23.0  1.47 -99.00 -99.00
 23.5  1.49 -99.00 -99.00
 24.0  1.51 -99.00 -99.00
 24.5  1.53 -99.00 -99.00
 25.0  1.55   7.00   7.00
 25.5  1.56   8.50   8.50
 26.0  1.58   7.50   7.50
 26.5  1.60  12.00  12.00
 27.0  1.62  14.50  14.50
 27.5  1.64  15.50  15.50
 28.0  1.66  15.50  15.50
 28.5  1.68  17.50  17.50
 29.0  1.69  17.00  17.00
 29.5  1.72  18.00  18.00
 30.0  1.73  18.00  18.00
 30.5  1.75  18.00  18.00
 31.0  1.77  20.00  20.00
 31.5  1.79  21.50  21.50
 32.0  1.81  22.00  22.00
 32.5  1.83  20.00  20.00
 33.0  1.85  22.50  22.50
 33.5  1.87  24.00  24.00
 34.0  1.89  26.00  26.00
 34.5  1.90  27.00  27.00
 35.0  1.93  27.00  27.50
 35.5  1.94  29.00  29.50
 36.0  1.96  28.00  28.50
 36.5  1.98  27.00  27.50
 37.0  2.00  29.00  29.50
 37.5  2.02  25.00  25.50
 38.0  2.04  26.00  26.50
 38.5  2.06  24.00  24.50
 39.0  2.07  24.50  25.00
 39.5  2.10  26.00  26.50
 40.0  2.12  25.50  26.00
 40.5  2.13  25.50  26.00
 41.0  2.16  31.00  31.50
 41.5  2.17  35.00  36.00
 42.0  2.19  36.00  37.00
 42.5  2.21  35.00  36.00
 43.0  2.23  35.50  37.00
 43.5  2.25  35.00  36.50
 44.0  2.27  33.50  35.50
 44.5  2.29  33.50  35.50
 45.0  2.31  34.00  36.00
 45.5  2.33  33.50  35.50
 46.0  2.35  31.00  33.50
 46.5  2.37  30.50  33.00
 47.0  2.39  35.00  37.50
 47.5  2.41  38.00  41.00
 48.0  2.43  40.50  44.00
 48.5  2.45  41.00  45.00
 49.0  2.47  34.00  38.50
 49.5  2.49  30.00  34.50
 50.0  2.51  25.00  29.50
 50.5  2.53  25.50  30.50
 51.0  2.55  24.00  29.00
 51.5  2.57  21.00  26.00
 52.0  2.59  19.00  24.00
 52.5  2.61  17.50  22.50
 53.0  2.63  22.50  27.50
 53.5  2.65  28.50  33.50
 54.0  2.67  35.50  40.50
 54.5  2.69  35.50  41.50
 55.0  2.71  33.50  39.50
 55.5  2.73  31.50  38.00
 56.0  2.75  27.50  34.00
 56.5  2.77  22.50  29.00
 57.0  2.79  21.00  27.50
 57.5  2.81  17.00  23.50
 58.0  2.83  17.00  23.50
 58.5  2.85  25.00  31.50
 59.0  2.87  26.50  33.50
 59.5  2.89  32.00  39.00
 60.0  2.91  39.00  46.50
 60.5  2.94  40.00  49.00
 61.0  2.95  39.50  50.00
 61.5  2.97  36.00  47.50
 62.0  3.00  32.50  45.00
 62.5  3.02  31.50  45.00
 63.0  3.04  28.00  41.50
 63.5  3.06  21.00  35.00
 64.0  3.08  17.00  31.00
 64.5  3.10  10.50  24.50
 65.0  3.12 -99.00 -99.00
 65.5  3.14  12.00  26.00
 66.0  3.17 -99.00 -99.00
 66.5  3.19 -99.00 -99.00
 67.0  3.20 -99.00 -99.00
 67.5  3.23 -99.00 -99.00
 68.0  3.25 -99.00 -99.00
 68.5  3.27 -99.00 -99.00
 69.0  3.29 -99.00 -99.00
 69.5  3.31 -99.00 -99.00
 70.0  3.33 -99.00 -99.00
 70.5  3.36 -99.00 -99.00
 71.0  3.37 -99.00 -99.00
 71.5  3.39 -99.00 -99.00
 72.0  3.42 -99.00 -99.00
 72.5  3.44 -99.00 -99.00
 73.0  3.46 -99.00 -99.00
 73.5  3.48 -99.00 -99.00
 74.0  3.50 -99.00 -99.00
 74.5  3.52 -99.00 -99.00
 75.0  3.55 -99.00 -99.00
 75.5  3.57 -99.00 -99.00
 76.0  3.59 -99.00 -99.00
 76.5  3.61 -99.00 -99.00
 77.0  3.63 -99.00 -99.00
 77.5  3.65 -99.00 -99.00
 78.0  3.68 -99.00 -99.00
 78.5  3.70 -99.00 -99.00
 79.0  3.72 -99.00 -99.00
 79.5  3.74 -99.00 -99.00
 80.0  3.76 -99.00 -99.00
 80.5  3.78 -99.00 -99.00
 81.0  3.81 -99.00 -99.00
 81.5  3.83 -99.00 -99.00
 82.0  3.85 -99.00 -99.00
 82.5  3.87 -99.00 -99.00
 83.0  3.89 -99.00 -99.00
 83.5  3.92 -99.00 -99.00
 84.0  3.94 -99.00 -99.00
 84.5  3.96 -99.00 -99.00
 85.0  3.98 -99.00 -99.00
 85.5  4.00 -99.00 -99.00
 86.0  4.02 -99.00 -99.00
 86.5  4.05 -99.00 -99.00
 87.0  4.07 -99.00 -99.00
 87.5  4.09 -99.00 -99.00
 88.0  4.12 -99.00 -99.00
 88.5  4.14 -99.00 -99.00
 89.0  4.16 -99.00 -99.00
 89.5  4.18 -99.00 -99.00
 90.0  4.20 -99.00 -99.00
 90.5  4.22 -99.00 -99.00
 91.0  4.25 -99.00 -99.00
 91.5  4.27 -99.00 -99.00
 92.0  4.29 -99.00 -99.00
 92.5  4.32 -99.00 -99.00
 93.0  4.34 -99.00 -99.00
 93.5  4.36 -99.00 -99.00
 94.0  4.38 -99.00 -99.00
 94.5  4.41 -99.00 -99.00
 95.0  4.43 -99.00 -99.00
 95.5  4.45 -99.00 -99.00
 96.0  4.47 -99.00 -99.00
 96.5  4.50 -99.00 -99.00
 97.0  4.52 -99.00 -99.00
 97.5  4.54 -99.00 -99.00
 98.0  4.57 -99.00 -99.00
 98.5  4.59 -99.00 -99.00
 99.0  4.61 -99.00 -99.00
 99.5  4.64 -99.00 -99.00
Elevacao = 4
  0.0  0.67 -99.00 -99.00
  0.5  0.69 -99.00 -99.00
  1.0  0.71 -99.00 -99.00
  1.5  0.73 -14.50 -14.50
  2.0  0.77 -99.00 -99.00
  2.5  0.79 -99.00 -99.00
  3.0  0.81 -99.00 -99.00
  3.5  0.84  -7.00  -7.00
  4.0  0.87  -7.00  -7.00
  4.5  0.89  -4.50  -4.50
  5.0  0.92  -3.00  -3.00
  5.5  0.94   0.00   0.00
  6.0  0.97   3.00   3.00
  6.5  1.00  -4.50  -4.50
  7.0  1.02  -7.00  -7.00
  7.5  1.05  -1.00  -1.00
  8.0  1.08  -2.00  -2.00
  8.5  1.10  -3.00  -3.00
  9.0  1.13  -5.50  -5.50
  9.5  1.15   2.00   2.00
 10.0  1.18   3.00   3.00
 10.5  1.20   0.00   0.00
 11.0  1.24  -6.00  -6.00
 11.5  1.26 -99.00 -99.00
 12.0  1.28 -99.00 -99.00
 12.5  1.32 -99.00 -99.00
 13.0  1.34 -99.00 -99.00
 13.5  1.36 -99.00 -99.00
 14.0  1.39 -99.00 -99.00
 14.5  1.42 -99.00 -99.00
 15.0  1.44 -99.00 -99.00
 15.5  1.47 -99.00 -99.00
 16.0  1.50 -99.00 -99.00
 16.5  1.52 -99.00 -99.00
 17.0  1.55 -99.00 -99.00
 17.5  1.58 -99.00 -99.00
 18.0  1.60 -99.00 -99.00
 18.5  1.63 -99.00 -99.00
 19.0  1.66 -99.00 -99.00
 19.5  1.68 -99.00 -99.00
 20.0  1.72 -99.00 -99.00
 20.5  1.74 -99.00 -99.00
 21.0  1.76 -99.00 -99.00
 21.5  1.80 -99.00 -99.00
 22.0  1.82 -99.00 -99.00
 22.5  1.84 -99.00 -99.00
 23.0  1.88 -99.00 -99.00
 23.5  1.90 -99.00 -99.00
 24.0  1.93 -99.00 -99.00
 24.5  1.96   4.00   4.00
 25.0  1.98   9.00   9.00
 25.5  2.01   7.00   7.00
 26.0  2.04   8.00   8.00
 26.5  2.06  14.00  14.00
 27.0  2.09  12.00  12.00
 27.5  2.12  16.50  16.50
 28.0  2.15  15.50  15.50
 28.5  2.17  16.50  16.50
 29.0  2.20  18.00  18.00
 29.5  2.23  18.00  18.00
 30.0  2.25  22.50  22.50
 30.5  2.29  17.50  17.50
 31.0  2.31  21.50  21.50
 31.5  2.34  22.50  22.50
 32.0  2.37  21.50  21.50
 32.5  2.39  22.00  22.00
 33.0  2.42  24.00  24.00
 33.5  2.45  25.50  25.50
 34.0  2.48  25.00  25.00
 34.5  2.50  24.50  24.50
 35.0  2.54  26.00  26.50
 35.5  2.56  28.50  29.00
 36.0  2.59  27.50  28.00
 36.5  2.62  27.50  28.00
 37.0  2.64  24.00  24.50
 37.5  2.67  29.00  29.50
 38.0  2.70  26.00  26.50
 38.5  2.73  24.50  25.00
 39.0  2.75  26.50  27.00
 39.5  2.79  25.00  25.50
 40.0  2.81  27.50  28.00
 40.5  2.85  33.00  33.50
 41.0  2.87  33.00  34.00
 41.5  2.90  35.00  36.00
 42.0  2.93  36.50  37.50
 42.5  2.96  35.00  36.50
 43.0  2.98  35.00  36.50
 43.5  3.02  34.00  35.50
 44.0  3.04  33.00  34.50
 44.5  3.07  31.50  33.50
 45.0  3.10  34.50  36.50
 45.5  3.13  30.50  32.50
 46.0  3.15  30.50  32.50
 46.5  3.19  33.50  36.00
 47.0  3.21  33.00  35.50
 47.5  3.24  35.00  37.50
 48.0  3.27  38.50  41.50
 48.5  3.30  36.50  39.50
 49.0  3.32  31.50  35.00
 49.5  3.36  24.00  27.50
 50.0  3.38  26.50  30.00
 50.5  3.41  26.00  29.50
 51.0  3.44  24.00  27.50
 51.5  3.47  22.00  25.50
 52.0  3.49  20.50  24.00
 52.5  3.53  19.50  23.00
 53.0  3.56  23.50  27.00
 53.5  3.58  31.00  34.50
 54.0  3.62  36.50  40.50
 54.5  3.64  34.00  38.00
 55.0  3.67  33.50  38.00
 55.5  3.70  28.50  33.00
 56.0  3.73  23.00  27.50
 56.5  3.75  18.00  22.50
 57.0  3.79  13.50  18.00
 57.5  3.82  10.00  14.50
 58.0  3.84  13.00  17.50
 58.5  3.88  21.50  26.00
 59.0  3.90  28.50  33.50
 59.5  3.94  37.50  42.50
 60.0  3.96  40.00  45.50
 60.5  3.99  40.00  46.50
 61.0  4.03  38.50  46.00
 61.5  4.05  35.50  43.50
 62.0  4.08  35.00  43.50
 62.5  4.11  31.00  40.00
 63.0  4.14  29.50  39.00
 63.5  4.17  23.00  32.50
 64.0  4.20  16.50  26.00
 64.5  4.23  11.00  20.50
 65.0  4.26 -99.00 -99.00
 65.5  4.29 -99.00 -99.00
 66.0  4.32 -99.00 -99.00
 66.5  4.34 -99.00 -99.00
 67.0  4.38 -99.00 -99.00
 67.5  4.41 -99.00 -99.00
 68.0  4.43 -99.00 -99.00
 68.5  4.47 -99.00 -99.00
 69.0  4.50 -99.00 -99.00
 69.5  4.52 -99.00 -99.00
 70.0  4.56 -99.00 -99.00
 70.5  4.59 -99.00 -99.00
 71.0  4.61 -99.00 -99.00
 71.5  4.65 -99.00 -99.00
 72.0  4.68 -99.00 -99.00
 72.5  4.71 -99.00 -99.00
 73.0  4.74 -99.00 -99.00
 73.5  4.77 -99.00 -99.00
 74.0  4.80 -99.00 -99.00
 74.5  4.83 -99.00 -99.00
 75.0  4.86 -99.00 -99.00
 75.5  4.89 -99.00 -99.00
 76.0  4.92 -99.00 -99.00
 76.5  4.95 -99.00 -99.00
 77.0  4.98 -99.00 -99.00
 77.5  5.01 -99.00 -99.00
 78.0  5.04 -99.00 -99.00
 78.5  5.07 -99.00 -99.00
 79.0  5.10 -99.00 -99.00
 79.5  5.13 -99.00 -99.00
 80.0  5.16 -99.00 -99.00
 80.5  5.19 -99.00 -99.00
 81.0  5.22 -99.00 -99.00
 81.5  5.26 -99.00 -99.00
 82.0  5.28 -99.00 -99.00
 82.5  5.31 -99.00 -99.00
 83.0  5.35 -99.00 -99.00
 83.5  5.38 -99.00 -99.00
 84.0  5.41 -99.00 -99.00
 84.5  5.44 -99.00 -99.00
 85.0  5.47 -99.00 -99.00
 85.5  5.50 -99.00 -99.00
 86.0  5.53 -99.00 -99.00
 86.5  5.56 -99.00 -99.00
 87.0  5.60 -99.00 -99.00
 87.5  5.62 -99.00 -99.00
 88.0  5.65 -99.00 -99.00
 88.5  5.69 -99.00 -99.00
 89.0  5.72 -99.00 -99.00
 89.5  5.75 -99.00 -99.00
 90.0  5.78 -99.00 -99.00
 90.5  5.81 -99.00 -99.00
 91.0  5.84 -99.00 -99.00
 91.5  5.88 -99.00 -99.00
 92.0  5.90 -99.00 -99.00
 92.5  5.93 -99.00 -99.00
 93.0  5.97 -99.00 -99.00
 93.5  6.00 -99.00 -99.00
 94.0  6.03 -99.00 -99.00
 94.5  6.06 -99.00 -99.00
 95.0  6.09 -99.00 -99.00
 95.5  6.13 -99.00 -99.00
 96.0  6.16 -99.00 -99.00
 96.5  6.18 -99.00 -99.00
 97.0  6.22 -99.00 -99.00
 97.5  6.25 -99.00 -99.00
 98.0  6.28 -99.00 -99.00
 98.5  6.32 -99.00 -99.00
 99.0  6.35 -99.00 -99.00
 99.5  6.37 -99.00 -99.00
Elevacao = 5
  0.0  0.67 -99.00 -99.00
  0.5  0.70  -2.50  -2.50
  1.0  0.73 -20.50 -20.50
  1.5  0.76 -99.00 -99.00
  2.0  0.81 -99.00 -99.00
  2.5  0.84 -99.00 -99.00
  3.0  0.87 -99.00 -99.00
  3.5  0.92  -7.50  -7.50
  4.0  0.95  -1.00  -1.00
  4.5  0.98   0.00   0.00
  5.0  1.03 -12.00 -12.00
  5.5  1.06  -6.00  -6.00
  6.0  1.09   3.00   3.00
  6.5  1.14   4.50   4.50
  7.0  1.17  -8.00  -8.00
  7.5  1.20   0.50   0.50
  8.0  1.25   5.00   5.00
  8.5  1.28  -1.00  -1.00
  9.0  1.31  -3.50  -3.50
  9.5  1.36 -99.00 -99.00
 10.0  1.39  -4.00  -4.00
 10.5  1.42 -99.00 -99.00
 11.0  1.47 -99.00 -99.00
 11.5  1.50 -99.00 -99.00
 12.0  1.53 -99.00 -99.00
 12.5  1.58 -99.00 -99.00
 13.0  1.61 -99.00 -99.00
 13.5  1.64 -99.00 -99.00
 14.0  1.69 -99.00 -99.00
 14.5  1.72 -99.00 -99.00
 15.0  1.75 -99.00 -99.00
 15.5  1.80 -99.00 -99.00
 16.0  1.83 -99.00 -99.00
 16.5  1.87 -99.00 -99.00
 17.0  1.91 -99.00 -99.00
 17.5  1.94 -99.00 -99.00
 18.0  1.98 -99.00 -99.00
 18.5  2.02 -99.00 -99.00
 19.0  2.06 -99.00 -99.00
 19.5  2.09 -99.00 -99.00
 20.0  2.13 -99.00 -99.00
 20.5  2.17 -99.00 -99.00
 21.0  2.21 -99.00 -99.00
 21.5  2.25 -99.00 -99.00
 22.0  2.28 -99.00 -99.00
 22.5  2.32 -99.00 -99.00
 23.0  2.36 -99.00 -99.00
 23.5  2.39 -99.00 -99.00
 24.0  2.44   6.00   6.00
 24.5  2.47   7.50   7.50
 25.0  2.51  13.50  13.50
 25.5  2.55   6.50   6.50
 26.0  2.58  13.00  13.00
 26.5  2.62  14.50  14.50
 27.0  2.66  17.00  17.00
 27.5  2.70  17.50  17.50
 28.0  2.73  15.00  15.00
 28.5  2.78  16.00  16.00
 29.0  2.81  18.50  18.50
 29.5  2.85  19.50  19.50
 30.0  2.89  20.50  20.50
 30.5  2.92  22.00  22.00
 31.0  2.96  20.50  20.50
 31.5  3.00  21.50  21.50
 32.0  3.04  22.50  22.50
 32.5  3.07  24.00  24.00
 33.0  3.12  23.00  23.00
 33.5  3.15  23.50  23.50
 34.0  3.19  25.50  26.00
 34.5  3.23  28.50  29.00
 35.0  3.27  28.50  29.00
 35.5  3.30  28.00  28.50
 36.0  3.35  26.00  26.50
 36.5  3.38  25.50  26.00
 37.0  3.43  27.50  28.00
 37.5  3.46  26.50  27.00
 38.0  3.50  25.50  26.00
 38.5  3.54  25.50  26.00
 39.0  3.58  24.50  25.00
 39.5  3.61  28.50  29.50
 40.0  3.66  29.00  30.00
 40.5  3.69  31.50  32.50
 41.0  3.73  29.50  30.50
 41.5  3.78  29.50  30.50
 42.0  3.81  32.00  33.00
 42.5  3.84  28.00  29.50
 43.0  3.89  34.00  35.50
 43.5  3.93  26.00  27.50
 44.0  3.96  24.50  26.00
 44.5  4.01  23.50  25.00
 45.0  4.04  26.50  28.00
 45.5  4.08  26.50  28.00
 46.0  4.12  27.00  29.00
 46.5  4.16  28.50  30.50
 47.0  4.19  27.00  29.00
 47.5  4.24  29.00  31.00
 48.0  4.28  29.00  31.00
 48.5  4.32  26.50  28.50
 49.0  4.36  23.50  25.50
 49.5  4.39  22.50  24.50
 50.0  4.44  24.50  27.00
 50.5  4.47  20.50  23.00
 51.0  4.51  20.50  23.00
 51.5  4.56  17.50  20.00
 52.0  4.59  20.00  22.50
 52.5  4.63  20.50  23.00
 53.0  4.67  21.00  23.50
 53.5  4.71  26.50  29.00
 54.0  4.75  28.00  30.50
 54.5  4.79  32.00  34.50
 55.0  4.83  32.00  35.00
 55.5  4.86  27.00  30.00
 56.0  4.91  24.00  27.00
 56.5  4.95  20.50  23.50
 57.0  4.98  17.00  20.00
 57.5  5.03  18.00  21.00
 58.0  5.07  18.00  21.00
 58.5  5.10  19.00  22.00
 59.0  5.15  26.50  29.50
 59.5  5.18  24.00  27.00
 60.0  5.23  29.00  32.50
 60.5  5.27  36.00  39.50
 61.0  5.30  41.50  46.00
 61.5  5.35  33.00  38.00
 62.0  5.39  29.50  34.50
 62.5  5.42  30.50  35.50
 63.0  5.47  29.00  34.50
 63.5  5.51  21.50  27.00
 64.0  5.54  16.00  21.50
 64.5  5.59  16.50  22.00
 65.0  5.63  14.00  19.50
 65.5  5.66  16.50  22.00
 66.0  5.71  16.50  22.00
 66.5  5.75  15.50  21.00
 67.0  5.78  16.50  22.00
 67.5  5.83  16.00  21.50
 68.0  5.87  14.00  19.50
 68.5  5.92  11.50  17.00
 69.0  5.95  11.50  17.00
 69.5  5.99 -99.00 -99.00
 70.0  6.04 -99.00 -99.00
 70.5  6.07 -99.00 -99.00
 71.0  6.11 -99.00 -99.00
 71.5  6.16 -99.00 -99.00
 72.0  6.19 -99.00 -99.00
 72.5  6.23 -99.00 -99.00
 73.0  6.28 -99.00 -99.00
 73.5  6.31 -99.00 -99.00
 74.0  6.35 -99.00 -99.00
 74.5  6.40 -99.00 -99.00
 75.0  6.44 -99.00 -99.00
 75.5  6.47 -99.00 -99.00
 76.0  6.52 -99.00 -99.00
 76.5  6.56 -99.00 -99.00
 77.0  6.61 -99.00 -99.00
 77.5  6.64 -99.00 -99.00
 78.0  6.68 -99.00 -99.00
 78.5  6.73 -99.00 -99.00
 79.0  6.77 -99.00 -99.00
 79.5  6.80 -99.00 -99.00
 80.0  6.85 -99.00 -99.00
 80.5  6.89 -99.00 -99.00
 81.0  6.93 -99.00 -99.00
 81.5  6.97 -99.00 -99.00
 82.0  7.01 -99.00 -99.00
 82.5  7.05 -99.00 -99.00
 83.0  7.10 -99.00 -99.00
 83.5  7.13 -99.00 -99.00
 84.0  7.18 -99.00 -99.00
 84.5  7.22 -99.00 -99.00
 85.0  7.26 -99.00 -99.00
 85.5  7.31 -99.00 -99.00
 86.0  7.34 -99.00 -99.00
 86.5  7.38 -99.00 -99.00
 87.0  7.43 -99.00 -99.00
 87.5  7.47 -99.00 -99.00
 88.0  7.51 -99.00 -99.00
 88.5  7.56 -99.00 -99.00
 89.0  7.59 -99.00 -99.00
 89.5  7.63 -99.00 -99.00
 90.0  7.68 -99.00 -99.00
 90.5  7.72 -99.00 -99.00
 91.0  7.77 -99.00 -99.00
 91.5  7.80 -99.00 -99.00
 92.0  7.84 -99.00 -99.00
 92.5  7.89 -99.00 -99.00
 93.0  7.93 -99.00 -99.00
 93.5  7.97 -99.00 -99.00
 94.0  8.02 -99.00 -99.00
 94.5  8.05 -99.00 -99.00
 95.0  8.09 -99.00 -99.00
 95.5  8.14 -99.00 -99.00
 96.0  8.18 -99.00 -99.00
 96.5  8.22 -99.00 -99.00
 97.0  8.27 -99.00 -99.00
 97.5  8.30 -99.00 -99.00
 98.0  8.36 -99.00 -99.00
 98.5  8.39 -99.00 -99.00
 99.0  8.43 -99.00 -99.00
 99.5  8.47 -99.00 -99.00
Elevacao = 6
  0.0  0.67 -99.00 -99.00
  0.5  0.71   8.50   8.50
  1.0  0.76 -19.50 -19.50
  1.5  0.80 -16.00 -16.00
  2.0  0.86 -99.00 -99.00
  2.5  0.90 -99.00 -99.00
  3.0  0.94 -99.00 -99.00
  3.5  1.00  -5.00  -5.00
  4.0  1.05  -8.50  -8.50
  4.5  1.09  -4.00  -4.00
  5.0  1.15 -10.50 -10.50
  5.5  1.19   0.50   0.50
  6.0  1.24   6.00   6.00
  6.5  1.29   1.50   1.50
  7.0  1.34 -99.00 -99.00
  7.5  1.38  -3.50  -3.50
  8.0  1.44 -99.00 -99.00
  8.5  1.49 -99.00 -99.00
  9.0  1.53 -99.00 -99.00
  9.5  1.59 -99.00 -99.00
 10.0  1.63   3.00   3.00
 10.5  1.68   1.00   1.00
 11.0  1.73  -1.50  -1.50
 11.5  1.78 -99.00 -99.00
 12.0  1.84 -99.00 -99.00
 12.5  1.88 -99.00 -99.00
 13.0  1.93 -99.00 -99.00
 13.5  1.98 -99.00 -99.00
 14.0  2.03 -99.00 -99.00
 14.5  2.07 -99.00 -99.00
 15.0  2.13 -99.00 -99.00
 15.5  2.18 -99.00 -99.00
 16.0  2.22 -99.00 -99.00
 16.5  2.28 -99.00 -99.00
 17.0  2.32 -99.00 -99.00
 17.5  2.37 -99.00 -99.00
 18.0  2.43 -99.00 -99.00
 18.5  2.47 -99.00 -99.00
 19.0  2.52 -99.00 -99.00
 19.5  2.58 -99.00 -99.00
 20.0  2.62 -99.00 -99.00
 20.5  2.68 -99.00 -99.00
 21.0  2.73 -99.00 -99.00
 21.5  2.77 -99.00 -99.00
 22.0  2.83   0.00   0.00
 22.5  2.87   0.50   0.50
 23.0  2.92   1.50   1.50
 23.5  2.98   6.00   6.00
 24.0  3.02   7.00   7.00
 24.5  3.07  11.00  11.00
 25.0  3.13   9.00   9.00
 25.5  3.17  10.50  10.50
 26.0  3.22  12.50  12.50
 26.5  3.28  12.50  12.50
 27.0  3.32  16.50  16.50
 27.5  3.37  18.50  18.50
 28.0  3.43  18.00  18.00
 28.5  3.47  17.50  17.50
 29.0  3.52  19.00  19.00
 29.5  3.58  18.00  18.00
 30.0  3.62  21.00  21.00
 30.5  3.68  23.00  23.00
 31.0  3.73  21.00  21.50
 31.5  3.77  22.00  22.50
 32.0  3.83  23.00  23.50
 32.5  3.88  23.50  24.00
 33.0  3.92  24.50  25.00
 33.5  3.98  24.50  25.00
 34.0  4.03  24.50  25.00
 34.5  4.07  25.50  26.00
 35.0  4.14  21.50  22.00
 35.5  4.18  23.00  23.50
 36.0  4.23  21.00  21.50
 36.5  4.29  22.00  23.00
 37.0  4.33  21.00  22.00
 37.5  4.38  23.00  24.00
 38.0  4.44  21.50  22.50
 38.5  4.48  21.50  22.50
 39.0  4.54  25.50  26.50
 39.5  4.59  23.50  24.50
 40.0  4.64  24.50  25.50
 40.5  4.70  26.00  27.00
 41.0  4.74  26.50  27.50
 41.5  4.79  25.50  27.00
 42.0  4.85  26.50  28.00
 42.5  4.89  27.00  28.50
 43.0  4.94  27.00  28.50
 43.5  5.00  27.50  29.00
 44.0  5.05  26.00  28.00
 44.5  5.09  28.50  30.50
 45.0  5.15  27.00  29.00
 45.5  5.20  24.50  26.50
 46.0  5.26  27.00  29.50
 46.5  5.31  26.50  29.00
 47.0  5.35  25.50  28.00
 47.5  5.41  24.50  27.00
 48.0  5.46  24.00  26.50
 48.5  5.51  25.00  27.50
 49.0  5.57  22.50  25.50
 49.5  5.61  21.50  24.50
 50.0  5.66  22.00  25.00
 50.5  5.72  21.00  24.00
 51.0  5.77  20.50  23.50
 51.5  5.81  20.50  23.50
 52.0  5.88  20.00  23.00
 52.5  5.92  22.50  25.50
 53.0  5.98  26.50  30.00
 53.5  6.03  26.50  30.00
 54.0  6.08  26.50  30.00
 54.5  6.14  30.00  34.00
 55.0  6.19  30.00  34.00
 55.5  6.23  29.00  33.00
 56.0  6.29  22.00  26.50
 56.5  6.34  22.00  26.50
 57.0  6.39  16.50  21.00
 57.5  6.45  18.00  22.50
 58.0  6.50  21.00  25.50
 58.5  6.54  20.50  25.00
 59.0  6.60  17.00  21.50
 59.5  6.65  14.00  18.50
 60.0  6.71  20.50  25.00
 60.5  6.76  25.00  30.00
 61.0  6.81  30.50  35.50
 61.5  6.87  24.50  30.00
 62.0  6.92  21.50  27.00
 62.5  6.96  22.00  27.50
 63.0  7.02  16.50  22.00
 63.5  7.07  17.00  22.50
 64.0  7.12  17.00  22.50
 64.5  7.18  18.00  23.50
 65.0  7.23  18.50  24.00
 65.5  7.29  17.50  23.00
 66.0  7.34  19.00  25.00
 66.5  7.38  17.00  23.00
 67.0  7.45  18.50  24.50
 67.5  7.49  20.50  26.50
 68.0  7.54  17.00  23.00
 68.5  7.60  16.00  22.00
 69.0  7.65  18.50  24.50
 69.5  7.70  19.00  25.00
 70.0  7.76  19.00  25.00
 70.5  7.81  18.00  24.00
 71.0  7.87  15.50  22.00
 71.5  7.92  17.50  24.00
 72.0  7.97  16.00  22.50
 72.5  8.03  14.50  21.00
 73.0  8.08  15.50  22.00
 73.5  8.12  16.50  23.00
 74.0  8.19  18.00  24.50
 74.5  8.23  16.00  22.50
 75.0  8.28  14.50  21.00
 75.5  8.35  12.50  19.00
 76.0  8.39  14.50  21.00
 76.5  8.46  12.50  19.00
 77.0  8.50  14.50  21.00
 77.5  8.55 -99.00 -99.00
 78.0  8.62 -99.00 -99.00
 78.5  8.66 -99.00 -99.00
 79.0  8.71 -99.00 -99.00
 79.5  8.77 -99.00 -99.00
 80.0  8.82 -99.00 -99.00
 80.5  8.87 -99.00 -99.00
 81.0  8.93 -99.00 -99.00
 81.5  8.98 -99.00 -99.00
 82.0  9.04 -99.00 -99.00
 82.5  9.09 -99.00 -99.00
 83.0  9.14 -99.00 -99.00
 83.5  9.20 -99.00 -99.00
 84.0  9.25 -99.00 -99.00
 84.5  9.30 -99.00 -99.00
 85.0  9.36 -99.00 -99.00
 85.5  9.41 -99.00 -99.00
 86.0  9.46 -99.00 -99.00
 86.5  9.52 -99.00 -99.00
 87.0  9.57 -99.00 -99.00
 87.5  9.64 -99.00 -99.00
 88.0  9.68 -99.00 -99.00
 88.5  9.73 -99.00 -99.00
 89.0  9.80 -99.00 -99.00
 89.5  9.85 -99.00 -99.00
 90.0  9.89 -99.00 -99.00
 90.5  9.96 -99.00 -99.00
 91.0 10.01 -99.00 -99.00
 91.5 10.05 -99.00 -99.00
 92.0 10.12 -99.00 -99.00
 92.5 10.17 -99.00 -99.00
 93.0 10.23 -99.00 -99.00
 93.5 10.28 -99.00 -99.00
 94.0 10.33 -99.00 -99.00
 94.5 10.39 -99.00 -99.00
 95.0 10.44 -99.00 -99.00
 95.5 10.49 -99.00 -99.00
 96.0 10.56 -99.00 -99.00
 96.5 10.60 -99.00 -99.00
 97.0 10.67 -99.00 -99.00
 97.5 10.72 -99.00 -99.00
 98.0 10.77 -99.00 -99.00
 98.5 10.83 -99.00 -99.00
 99.0 10.88 -99.00 -99.00
 99.5 10.90 -99.00 -99.00
Elevacao = 7
  0.0  0.67 -99.00 -99.00
  0.5  0.73   7.50   7.50
  1.0  0.78 -18.00 -18.00
  1.5  0.84 -17.50 -17.50
  2.0  0.91 -16.50 -16.50
  2.5  0.97 -99.00 -99.00
  3.0  1.03 -17.00 -17.00
  3.5  1.10  -1.00  -1.00
  4.0  1.16   0.00   0.00
  4.5  1.21   1.50   1.50
  5.0  1.29  -7.00  -7.00
  5.5  1.34  -7.00  -7.00
  6.0  1.40   2.00   2.00
  6.5  1.48  -7.00  -7.00
  7.0  1.53 -99.00 -99.00
  7.5  1.61 -99.00 -99.00
  8.0  1.66  -2.50  -2.50
  8.5  1.72   2.00   2.00
  9.0  1.80  -1.00  -1.00
  9.5  1.85  -0.50  -0.50
 10.0  1.91   4.00   4.00
 10.5  1.98  11.50  11.50
 11.0  2.04   3.00   3.00
 11.5  2.10  -4.50  -4.50
 12.0  2.17   0.00   0.00
 12.5  2.23 -99.00 -99.00
 13.0  2.30 -99.00 -99.00
 13.5  2.36 -99.00 -99.00
 14.0  2.42 -99.00 -99.00
 14.5  2.49 -99.00 -99.00
 15.0  2.55 -99.00 -99.00
 15.5  2.61 -99.00 -99.00
 16.0  2.68 -99.00 -99.00
 16.5  2.74 -99.00 -99.00
 17.0  2.80 -99.00 -99.00
 17.5  2.87 -99.00 -99.00
 18.0  2.93 -99.00 -99.00
 18.5  3.01 -99.00 -99.00
 19.0  3.06 -99.00 -99.00
 19.5  3.12 -99.00 -99.00
 20.0  3.20 -99.00 -99.00
 20.5  3.25 -99.00 -99.00
 21.0  3.31 -99.00 -99.00
 21.5  3.39   1.00   1.00
 22.0  3.44   4.00   4.00
 22.5  3.50   4.00   4.00
 23.0  3.58   6.50   6.50
 23.5  3.63  12.50  12.50
 24.0  3.71  10.00  10.00
 24.5  3.77  10.50  10.50
 25.0  3.83  11.50  11.50
 25.5  3.90  14.50  14.50
 26.0  3.96  17.50  17.50
 26.5  4.02  16.50  16.50
 27.0  4.09  18.50  18.50
 27.5  4.15  17.50  17.50
 28.0  4.21  16.00  16.00
 28.5  4.28  15.50  15.50
 29.0  4.34  14.50  14.50
 29.5  4.42  16.00  16.00
 30.0  4.48  20.00  20.00
 30.5  4.53  12.50  12.50
 31.0  4.61  19.50  19.50
 31.5  4.67  19.00  19.00
 32.0  4.73  17.50  18.00
 32.5  4.80  18.00  18.50
 33.0  4.86  19.00  19.50
 33.5  4.92  19.50  20.00
 34.0  5.00  20.00  20.50
 34.5  5.05  20.50  21.00
 35.0  5.13  20.50  21.00
 35.5  5.19  21.00  21.50
 36.0  5.25  19.50  20.00
 36.5  5.32  20.00  20.50
 37.0  5.38  21.00  21.50
 37.5  5.44  20.50  21.00
 38.0  5.52  22.00  22.50
 38.5  5.57  22.00  22.50
 39.0  5.63  23.50  24.00
 39.5  5.71  25.00  25.50
 40.0  5.77  22.50  23.00
 40.5  5.85  23.00  23.50
 41.0  5.90  22.50  23.50
 41.5  5.96  24.50  25.50
 42.0  6.04  24.00  25.00
 42.5  6.10  26.00  27.00
 43.0  6.16  24.50  25.50
 43.5  6.23  24.00  25.00
 44.0  6.29  25.50  26.50
 44.5  6.37  25.00  26.00
 45.0  6.43  23.50  24.50
 45.5  6.49  26.00  27.50
 46.0  6.56  25.00  26.50
 46.5  6.62  25.50  27.00
 47.0  6.68  25.50  27.00
 47.5  6.76  27.50  29.00
 48.0  6.82  24.00  25.50
 48.5  6.88  23.50  25.00
 49.0  6.95  22.50  24.00
 49.5  7.01  23.00  24.50
 50.0  7.09  23.00  25.00
 50.5  7.15  23.00  25.00
 51.0  7.21  23.50  25.50
 51.5  7.29  23.00  25.00
 52.0  7.35  23.50  25.50
 52.5  7.40  22.50  24.50
 53.0  7.48  23.50  25.50
 53.5  7.54  25.50  27.50
 54.0  7.62  24.00  26.00
 54.5  7.68  24.50  26.50
 55.0  7.74  26.50  29.00
 55.5  7.82  25.00  27.50
 56.0  7.88  23.50  26.00
 56.5  7.93  21.50  24.00
 57.0  8.01  21.00  23.50
 57.5  8.07  20.50  23.00
 58.0  8.15  23.00  25.50
 58.5  8.21  21.50  24.00
 59.0  8.27  19.50  22.00
 59.5  8.35  20.50  23.00
 60.0  8.41  22.00  25.00
 60.5  8.47  23.50  26.50
 61.0  8.54  19.00  22.00
 61.5  8.60  16.50  19.50
 62.0  8.68  17.00  20.00
 62.5  8.74  16.50  19.50
 63.0  8.80  17.00  20.00
 63.5  8.88  16.50  19.50
 64.0  8.94  16.50  19.50
 64.5  9.00  14.50  17.50
 65.0  9.08  15.50  18.50
 65.5  9.14  17.00  20.00
 66.0  9.20  15.50  18.50
 66.5  9.28  15.00  18.00
 67.0  9.34  16.50  19.50
 67.5  9.42  17.50  20.50
 68.0  9.48  16.00  19.00
 68.5  9.54  16.00  19.00
 69.0  9.61  14.50  17.50
 69.5  9.67  13.50  16.50
 70.0  9.75  15.00  18.00
 70.5  9.81  15.50  18.50
 71.0  9.87  15.50  18.50
 71.5  9.95  14.00  17.00
 72.0 10.01  14.00  17.00
 72.5 10.07  15.00  18.50
 73.0 10.15  15.50  19.00
 73.5 10.21  14.50  18.00
 74.0 10.29  15.00  18.50
 74.5 10.35  14.50  18.00
 75.0 10.41  15.00  18.50
 75.5 10.49  14.00  17.50
 76.0 10.55  15.50  19.00
 76.5 10.61  14.00  17.50
 77.0 10.69  14.00  17.50
 77.5 10.75  12.50  16.00
 78.0 10.83  12.50  16.00
 78.5 10.89  13.00  16.50
 79.0 10.95  14.00  17.50
 79.5 11.03  13.50  17.00
 80.0 11.09  13.00  16.50
 80.5 11.15 -99.00 -99.00
 81.0 11.23 -99.00 -99.00
 81.5 11.29 -99.00 -99.00
 82.0 11.37 -99.00 -99.00
 82.5 11.43 -99.00 -99.00
 83.0 11.49 -99.00 -99.00
 83.5 11.58 -99.00 -99.00
 84.0 11.64 -99.00 -99.00
 84.5 11.70 -99.00 -99.00
 85.0 11.78 -99.00 -99.00
 85.5 11.84 -99.00 -99.00
 86.0 11.92 -99.00 -99.00
 86.5 11.98 -99.00 -99.00
 87.0 12.04 -99.00 -99.00
 87.5 12.12 -99.00 -99.00
 88.0 12.18 -99.00 -99.00
 88.5 12.24 -99.00 -99.00
 89.0 12.32 -99.00 -99.00
 89.5 12.38 -99.00 -99.00
 90.0 12.46 -99.00 -99.00
 90.5 12.52 -99.00 -99.00
 91.0 12.59 -99.00 -99.00
 91.5 12.67 -99.00 -99.00
 92.0 12.73 -99.00 -99.00
 92.5 12.81 -99.00 -99.00
 93.0 12.87 -99.00 -99.00
 93.5 12.93 -99.00 -99.00
 94.0 13.01 -99.00 -99.00
 94.5 13.07 -99.00 -99.00
 95.0 13.13 -99.00 -99.00
 95.5 13.21 -99.00 -99.00
 96.0 13.28 -99.00 -99.00
 96.5 13.36 -99.00 -99.00
 97.0 13.42 -99.00 -99.00
 97.5 13.48 -99.00 -99.00
 98.0 13.56 -99.00 -99.00
 98.5 13.62 -99.00 -99.00
 99.0 13.66 -99.00 -99.00
 99.5 13.66 -99.00 -99.00
Elevacao = 8
  0.0  0.67 -99.00 -99.00
  0.5  0.74  -1.00  -1.00
  1.0  0.81 -16.00 -16.00
  1.5  0.89 -21.00 -21.00
  2.0  0.98 -99.00 -99.00
  2.5  1.05 -99.00 -99.00
  3.0  1.12 -14.50 -14.50
  3.5  1.22  -1.50  -1.50
  4.0  1.29  -1.00  -1.00
  4.5  1.38   5.50   5.50
  5.0  1.45 -12.00 -12.00
  5.5  1.52  -7.50  -7.50
  6.0  1.62   5.50   5.50
  6.5  1.69  -3.00  -3.00
  7.0  1.76  -9.00  -9.00
  7.5  1.86   3.50   3.50
  8.0  1.93   4.50   4.50
  8.5  2.02   2.50   2.50
  9.0  2.09   6.00   6.00
  9.5  2.16   6.50   6.50
 10.0  2.26   7.00   7.00
 10.5  2.33  11.50  11.50
 11.0  2.40   2.50   2.50
 11.5  2.50  -3.50  -3.50
 12.0  2.57   3.00   3.00
 12.5  2.66 -99.00 -99.00
 13.0  2.74 -99.00 -99.00
 13.5  2.81 -99.00 -99.00
 14.0  2.90 -99.00 -99.00
 14.5  2.97 -99.00 -99.00
 15.0  3.07 -99.00 -99.00
 15.5  3.14 -99.00 -99.00
 16.0  3.21 -99.00 -99.00
 16.5  3.31 -99.00 -99.00
 17.0  3.38 -99.00 -99.00
 17.5  3.45 -99.00 -99.00
 18.0  3.55 -99.00 -99.00
 18.5  3.62 -99.00 -99.00
 19.0  3.71 -99.00 -99.00
 19.5  3.79 -99.00 -99.00
 20.0  3.86 -99.00 -99.00
 20.5  3.95 -99.00 -99.00
 21.0  4.03   2.50   2.50
 21.5  4.10   9.50   9.50
 22.0  4.19   8.00   8.00
 22.5  4.27  12.00  12.00
 23.0  4.36  15.50  15.50
 23.5  4.43  15.50  15.50
 24.0  4.51  19.00  19.00
 24.5  4.60  21.50  21.50
 25.0  4.67  19.50  19.50
 25.5  4.77  20.00  20.00
 26.0  4.84  19.00  19.00
 26.5  4.91  18.00  18.00
 27.0  5.01  19.50  19.50
 27.5  5.08  18.00  18.00
 28.0  5.15  18.50  18.50
 28.5  5.25  21.00  21.00
 29.0  5.32  21.00  21.00
 29.5  5.42  21.00  21.00
 30.0  5.49  21.50  21.50
 30.5  5.56  18.50  18.50
 31.0  5.66  19.50  19.50
 31.5  5.73  18.50  19.00
 32.0  5.81  23.00  23.50
 32.5  5.90  22.50  23.00
 33.0  5.97  21.00  21.50
 33.5  6.07  22.50  23.00
 34.0  6.14  21.00  21.50
 34.5  6.22  20.50  21.00
 35.0  6.31  19.50  20.00
 35.5  6.39  20.00  20.50
 36.0  6.48  20.50  21.00
 36.5  6.56  22.50  23.00
 37.0  6.63  21.50  22.00
 37.5  6.73  23.00  23.50
 38.0  6.80  22.00  22.50
 38.5  6.87  24.00  24.50
 39.0  6.97  22.00  22.50
 39.5  7.04  21.50  22.00
 40.0  7.14  20.00  20.50
 40.5  7.21  22.00  22.50
 41.0  7.28  23.00  23.50
 41.5  7.38  25.50  26.00
 42.0  7.45  23.50  24.00
 42.5  7.55  22.50  23.00
 43.0  7.62  21.50  22.00
 43.5  7.70  23.50  24.00
 44.0  7.79  21.50  22.50
 44.5  7.87  21.50  22.50
 45.0  7.94  20.50  21.50
 45.5  8.04  22.00  23.00
 46.0  8.11  24.50  25.50
 46.5  8.21  26.50  27.50
 47.0  8.28  26.00  27.00
 47.5  8.36  26.00  27.00
 48.0  8.45  25.50  26.50
 48.5  8.53  21.50  22.50
 49.0  8.62  20.00  21.00
 49.5  8.70  20.50  21.50
 50.0  8.77  22.00  23.00
 50.5  8.87  22.00  23.00
 51.0  8.94  21.50  22.50
 51.5  9.04  19.50  20.50
 52.0  9.11  17.50  18.50
 52.5  9.19  19.50  20.50
 53.0  9.29  17.50  18.50
 53.5  9.36  16.50  17.50
 54.0  9.43  17.00  18.00
 54.5  9.53  19.50  20.50
 55.0  9.60  18.50  20.00
 55.5  9.70  19.00  20.50
 56.0  9.78  18.00  19.50
 56.5  9.85  18.00  19.50
 57.0  9.95  15.00  16.50
 57.5 10.02  21.00  22.50
 58.0 10.12  17.00  18.50
 58.5 10.19  19.50  21.00
 59.0 10.27  18.00  19.50
 59.5 10.37  19.50  21.00
 60.0 10.44  20.50  22.00
 60.5 10.54  20.00  21.50
 61.0 10.61  25.50  27.00
 61.5 10.69  22.50  24.00
 62.0 10.79  19.50  21.00
 62.5 10.86  18.00  19.50
 63.0 10.96  14.50  16.00
 63.5 11.03  14.50  16.00
 64.0 11.11  14.00  15.50
 64.5 11.21  12.50  14.00
 65.0 11.28  10.50  12.00
 65.5 11.35  11.50  13.00
 66.0 11.45  12.00  13.50
 66.5 11.53  13.00  14.50
 67.0 11.63  13.00  14.50
 67.5 11.70  12.00  13.50
 68.0 11.78  12.00  13.50
 68.5 11.87  11.50  13.00
 69.0 11.95  12.50  14.00
 69.5 12.05  11.50  13.00
 70.0 12.12  12.00  13.50
 70.5 12.20 -99.00 -99.00
 71.0 12.30 -99.00 -99.00
 71.5 12.37 -99.00 -99.00
 72.0 12.47 -99.00 -99.00
 72.5 12.54 -99.00 -99.00
 73.0 12.62 -99.00 -99.00
 73.5 12.72 -99.00 -99.00
 74.0 12.79 -99.00 -99.00
 74.5 12.89 -99.00 -99.00
 75.0 12.97 -99.00 -99.00
 75.5 13.04 -99.00 -99.00
 76.0 13.14 -99.00 -99.00
 76.5 13.22 -99.00 -99.00
 77.0 13.32 -99.00 -99.00
 77.5 13.39 -99.00 -99.00
 78.0 13.47 -99.00 -99.00
 78.5 13.57 -99.00 -99.00
 79.0 13.64 -99.00 -99.00
 79.5 13.74 -99.00 -99.00
 80.0 13.82 -99.00 -99.00
 80.5 13.89 -99.00 -99.00
 81.0 13.99 -99.00 -99.00
 81.5 14.07 -99.00 -99.00
 82.0 14.17 -99.00 -99.00
 82.5 14.24 -99.00 -99.00
 83.0 14.32 -99.00 -99.00
 83.5 14.42 -99.00 -99.00
 84.0 14.49 -99.00 -99.00
 84.5 14.59 -99.00 -99.00
 85.0 14.67 -99.00 -99.00
 85.5 14.74 -99.00 -99.00
 86.0 14.84 -99.00 -99.00
 86.5 14.92 -99.00 -99.00
 87.0 15.02 -99.00 -99.00
 87.5 15.09 -99.00 -99.00
 88.0 15.17 -99.00 -99.00
 88.5 15.27 -99.00 -99.00
 89.0 15.35 -99.00 -99.00
 89.5 15.45 -99.00 -99.00
 90.0 15.52 -99.00 -99.00
 90.5 15.60 -99.00 -99.00
 91.0 15.70 -99.00 -99.00
 91.5 15.77 -99.00 -99.00
 92.0 15.87 -99.00 -99.00
 92.5 15.95 -99.00 -99.00
 93.0 16.02 -99.00 -99.00
 93.5 16.13 -99.00 -99.00
 94.0 16.20 -99.00 -99.00
 94.5 16.30 -99.00 -99.00
 95.0 16.38 -99.00 -99.00
 95.5 16.45 -99.00 -99.00
 96.0 16.56 -99.00 -99.00
 96.5 16.63 -99.00 -99.00
 97.0 16.73 -99.00 -99.00
 97.5 16.81 -99.00 -99.00
 98.0 16.88 -99.00 -99.00
 98.5 16.93 -99.00 -99.00
 99.0 16.93 -99.00 -99.00
 99.5 16.93 -99.00 -99.00
Elevacao = 9
  0.0  0.68 -99.00 -99.00
  0.5  0.76 -99.00 -99.00
  1.0  0.85 -17.50 -17.50
  1.5  0.94 -20.00 -20.00
  2.0  1.06 -21.00 -21.00
  2.5  1.14 -99.00 -99.00
  3.0  1.26  -8.50  -8.50
  3.5  1.35  -5.00  -5.00
  4.0  1.44  -4.00  -4.00
  4.5  1.56   6.00   6.00
  5.0  1.64  -3.50  -3.50
  5.5  1.76  -7.50  -7.50
  6.0  1.85  -1.00  -1.00
  6.5  1.94   5.50   5.50
  7.0  2.05   4.00   4.00
  7.5  2.14   7.50   7.50
  8.0  2.26   6.00   6.00
  8.5  2.35   5.00   5.00
  9.0  2.44   6.00   6.00
  9.5  2.55   3.50   3.50
 10.0  2.64   8.00   8.00
 10.5  2.76  10.50  10.50
 11.0  2.85   7.50   7.50
 11.5  2.94   0.00   0.00
 12.0  3.05   2.50   2.50
 12.5  3.14  -4.00  -4.00
 13.0  3.26 -99.00 -99.00
 13.5  3.35 -99.00 -99.00
 14.0  3.44 -99.00 -99.00
 14.5  3.56 -99.00 -99.00
 15.0  3.64 -99.00 -99.00
 15.5  3.76 -99.00 -99.00
 16.0  3.85 -99.00 -99.00
 16.5  3.94 -99.00 -99.00
 17.0  4.06 -99.00 -99.00
 17.5  4.15  -0.50  -0.50
 18.0  4.27 -99.00 -99.00
 18.5  4.35 -99.00 -99.00
 19.0  4.47   1.00   1.00
 19.5  4.56   4.50   4.50
 20.0  4.65   9.50   9.50
 20.5  4.77  16.50  16.50
 21.0  4.86  19.50  19.50
 21.5  4.98  20.00  20.00
 22.0  5.06  20.00  20.00
 22.5  5.15  21.00  21.00
 23.0  5.27  22.00  22.00
 23.5  5.36  21.00  21.00
 24.0  5.48  22.00  22.00
 24.5  5.57  25.50  25.50
 25.0  5.66  24.50  25.00
 25.5  5.78  20.00  20.50
 26.0  5.87  22.50  23.00
 26.5  5.98  22.00  22.50
 27.0  6.07  24.50  25.00
 27.5  6.16  20.50  21.00
 28.0  6.28  18.50  19.00
 28.5  6.37  21.50  22.00
 29.0  6.49  21.00  21.50
 29.5  6.58  21.00  21.50
 30.0  6.67  21.50  22.00
 30.5  6.79  20.00  20.50
 31.0  6.88  21.50  22.00
 31.5  7.00  18.50  19.00
 32.0  7.09  17.50  18.00
 32.5  7.21  18.00  18.50
 33.0  7.30  16.50  17.00
 33.5  7.38  16.00  16.50
 34.0  7.50  14.00  14.50
 34.5  7.59  18.50  19.00
 35.0  7.71  19.50  20.00
 35.5  7.80  19.00  19.50
 36.0  7.89  20.50  21.50
 36.5  8.01  20.00  21.00
 37.0  8.10  19.50  20.50
 37.5  8.22  21.00  22.00
 38.0  8.31  17.00  18.00
 38.5  8.40  17.00  18.00
 39.0  8.52  18.50  19.50
 39.5  8.61  18.00  19.00
 40.0  8.73  17.00  18.00
 40.5  8.82  19.00  20.00
 41.0  8.91  19.50  20.50
 41.5  9.03  20.00  21.00
 42.0  9.12  20.50  21.50
 42.5  9.24  19.50  20.50
 43.0  9.33  21.50  22.50
 43.5  9.45  20.00  21.00
 44.0  9.54  19.50  20.50
 44.5  9.63  18.50  19.50
 45.0  9.75  21.00  22.00
 45.5  9.84  23.00  24.00
 46.0  9.96  22.00  23.00
 46.5 10.05  23.00  24.00
 47.0 10.14  23.50  25.00
 47.5 10.26  19.50  21.00
 48.0 10.35  16.50  18.00
 48.5 10.47  17.00  18.50
 49.0 10.56  17.00  18.50
 49.5 10.68  15.00  16.50
 50.0 10.77  15.50  17.00
 50.5 10.86  14.00  15.50
 51.0 10.98  17.00  18.50
 51.5 11.07  16.50  18.00
 52.0 11.20  16.50  18.00
 52.5 11.29  16.50  18.00
 53.0 11.38  18.00  19.50
 53.5 11.50  16.00  17.50
 54.0 11.59  13.00  14.50
 54.5 11.71  12.00  13.50
 55.0 11.80  14.00  15.50
 55.5 11.92  11.00  12.50
 56.0 12.01  10.50  12.00
 56.5 12.10   9.50  11.00
 57.0 12.22   9.50  11.00
 57.5 12.31 -99.00 -99.00
 58.0 12.43 -99.00 -99.00
 58.5 12.52 -99.00 -99.00
 59.0 12.62 -99.00 -99.00
 59.5 12.74  10.00  11.50
 60.0 12.83  11.00  12.50
 60.5 12.95  10.50  12.00
 61.0 13.04 -99.00 -99.00
 61.5 13.16 -99.00 -99.00
 62.0 13.25 -99.00 -99.00
 62.5 13.34 -99.00 -99.00
 63.0 13.46 -99.00 -99.00
 63.5 13.56 -99.00 -99.00
 64.0 13.68 -99.00 -99.00
 64.5 13.77 -99.00 -99.00
 65.0 13.86 -99.00 -99.00
 65.5 13.98 -99.00 -99.00
 66.0 14.07 -99.00 -99.00
 66.5 14.19 -99.00 -99.00
 67.0 14.29 -99.00 -99.00
 67.5 14.41 -99.00 -99.00
 68.0 14.50 -99.00 -99.00
 68.5 14.59 -99.00 -99.00
 69.0 14.71 -99.00 -99.00
 69.5 14.80 -99.00 -99.00
 70.0 14.92 -99.00 -99.00
 70.5 15.02 -99.00 -99.00
 71.0 15.14 -99.00 -99.00
 71.5 15.23 -99.00 -99.00
 72.0 15.32 -99.00 -99.00
 72.5 15.44 -99.00 -99.00
 73.0 15.53 -99.00 -99.00
 73.5 15.66 -99.00 -99.00
 74.0 15.75 -99.00 -99.00
 74.5 15.84 -99.00 -99.00
 75.0 15.96 -99.00 -99.00
 75.5 16.05 -99.00 -99.00
 76.0 16.18 -99.00 -99.00
 76.5 16.27 -99.00 -99.00
 77.0 16.39 -99.00 -99.00
 77.5 16.48 -99.00 -99.00
 78.0 16.57 -99.00 -99.00
 78.5 16.70 -99.00 -99.00
 79.0 16.79 -99.00 -99.00
 79.5 16.91 -99.00 -99.00
 80.0 17.00 -99.00 -99.00
 80.5 17.13 -99.00 -99.00
 81.0 17.22 -99.00 -99.00
 81.5 17.31 -99.00 -99.00
 82.0 17.43 -99.00 -99.00
 82.5 17.52 -99.00 -99.00
 83.0 17.65 -99.00 -99.00
 83.5 17.74 -99.00 -99.00
 84.0 17.86 -99.00 -99.00
 84.5 17.95 -99.00 -99.00
 85.0 18.05 -99.00 -99.00
 85.5 18.17 -99.00 -99.00
 86.0 18.26 -99.00 -99.00
 86.5 18.38 -99.00 -99.00
 87.0 18.48 -99.00 -99.00
 87.5 18.60 -99.00 -99.00
 88.0 18.69 -99.00 -99.00
 88.5 18.78 -99.00 -99.00
 89.0 18.91 -99.00 -99.00
 89.5 19.00 -99.00 -99.00
 90.0 19.12 -99.00 -99.00
 90.5 19.22 -99.00 -99.00
 91.0 19.34 -99.00 -99.00
 91.5 19.43 -99.00 -99.00
 92.0 19.52 -99.00 -99.00
 92.5 19.65 -99.00 -99.00
 93.0 19.74 -99.00 -99.00
 93.5 19.86 -99.00 -99.00
 94.0 19.96 -99.00 -99.00
 94.5 20.08 -99.00 -99.00
 95.0 20.17 -99.00 -99.00
 95.5 20.27 -99.00 -99.00
 96.0 20.39 -99.00 -99.00
 96.5 20.48 -99.00 -99.00
 97.0 20.61 -99.00 -99.00
 97.5 20.70 -99.00 -99.00
 98.0 20.70 -99.00 -99.00
 98.5 20.70 -99.00 -99.00
 99.0 20.70 -99.00 -99.00
 99.5 20.70 -99.00 -99.00
Elevacao = 10
  0.0  0.68 -99.00 -99.00
  0.5  0.79 -99.00 -99.00
  1.0  0.89 -14.50 -14.50
  1.5  1.04 -99.00 -99.00
  2.0  1.15 -19.50 -19.50
  2.5  1.25 -19.00 -19.00
  3.0  1.40  -3.50  -3.50
  3.5  1.51  -3.50  -3.50
  4.0  1.65  -5.50  -5.50
  4.5  1.76   4.00   4.00
  5.0  1.90  -9.50  -9.50
  5.5  2.01  -6.00  -6.00
  6.0  2.12   6.00   6.00
  6.5  2.26   8.50   8.50
  7.0  2.37   3.50   3.50
  7.5  2.51   9.00   9.00
  8.0  2.62   6.50   6.50
  8.5  2.77   7.00   7.00
  9.0  2.87   6.50   6.50
  9.5  2.98   6.00   6.00
 10.0  3.13  11.50  11.50
 10.5  3.24  10.50  10.50
 11.0  3.38   5.00   5.00
 11.5  3.49   5.00   5.00
 12.0  3.63   4.50   4.50
 12.5  3.74  -1.50  -1.50
 13.0  3.88  -2.00  -2.00
 13.5  3.99 -99.00 -99.00
 14.0  4.10  -3.50  -3.50
 14.5  4.25  -3.50  -3.50
 15.0  4.35 -99.00 -99.00
 15.5  4.50 -99.00 -99.00
 16.0  4.61 -99.00 -99.00
 16.5  4.75  -2.00  -2.00
 17.0  4.86   3.00   3.00
 17.5  5.01  10.50  10.50
 18.0  5.11  16.00  16.00
 18.5  5.22  16.00  16.00
 19.0  5.37  16.50  16.50
 19.5  5.48  14.50  14.50
 20.0  5.62  15.50  15.50
 20.5  5.73  12.00  12.00
 21.0  5.88  15.00  15.00
 21.5  5.98  19.50  19.50
 22.0  6.13  22.00  22.00
 22.5  6.24  22.50  22.50
 23.0  6.35  22.50  22.50
 23.5  6.49  24.00  24.00
 24.0  6.60  22.50  23.00
 24.5  6.75  21.50  22.00
 25.0  6.86  21.00  21.50
 25.5  7.00  20.50  21.00
 26.0  7.11  19.50  20.00
 26.5  7.26  18.00  18.50
 27.0  7.36  21.50  22.00
 27.5  7.47  19.00  19.50
 28.0  7.62  16.00  16.50
 28.5  7.73  19.50  20.00
 29.0  7.87  16.50  17.00
 29.5  7.98  18.50  19.00
 30.0  8.13  14.00  14.50
 30.5  8.24  15.00  15.50
 31.0  8.38  17.00  17.50
 31.5  8.49  18.00  18.50
 32.0  8.60  17.00  17.50
 32.5  8.75  19.00  19.50
 33.0  8.86  17.00  17.50
 33.5  9.00  20.50  21.00
 34.0  9.11  19.50  20.00
 34.5  9.26  18.50  19.00
 35.0  9.37  17.50  18.00
 35.5  9.52  14.50  15.00
 36.0  9.62  16.00  16.50
 36.5  9.73  15.00  15.50
 37.0  9.88  15.50  16.00
 37.5  9.99  14.50  15.50
 38.0 10.14  13.00  14.00
 38.5 10.25  15.50  16.50
 39.0 10.39  13.50  14.50
 39.5 10.50  12.00  13.00
 40.0 10.65  14.00  15.00
 40.5 10.76  14.00  15.00
 41.0 10.90  15.50  16.50
 41.5 11.01  13.00  14.00
 42.0 11.12  13.50  14.50
 42.5 11.27  14.00  15.00
 43.0 11.38  13.50  14.50
 43.5 11.53  10.50  11.50
 44.0 11.64  11.50  12.50
 44.5 11.78   9.50  10.50
 45.0 11.89   7.50   8.50
 45.5 12.04   8.50   9.50
 46.0 12.15 -99.00 -99.00
 46.5 12.30 -99.00 -99.00
 47.0 12.41 -99.00 -99.00
 47.5 12.52 -99.00 -99.00
 48.0 12.66 -99.00 -99.00
 48.5 12.77 -99.00 -99.00
 49.0 12.92 -99.00 -99.00
 49.5 13.03 -99.00 -99.00
 50.0 13.18 -99.00 -99.00
 50.5 13.29 -99.00 -99.00
 51.0 13.44 -99.00 -99.00
 51.5 13.55 -99.00 -99.00
 52.0 13.66 -99.00 -99.00
 52.5 13.80 -99.00 -99.00
 53.0 13.92 -99.00 -99.00
 53.5 14.06 -99.00 -99.00
 54.0 14.17 -99.00 -99.00
 54.5 14.32 -99.00 -99.00
 55.0 14.43 -99.00 -99.00
 55.5 14.58 -99.00 -99.00
 56.0 14.69 -99.00 -99.00
 56.5 14.84 -99.00 -99.00
 57.0 14.95 -99.00 -99.00
 57.5 15.09 -99.00 -99.00
 58.0 15.21 -99.00 -99.00
 58.5 15.32 -99.00 -99.00
 59.0 15.46 -99.00 -99.00
 59.5 15.57 -99.00 -99.00
 60.0 15.72 -99.00 -99.00
 60.5 15.83 -99.00 -99.00
 61.0 15.98 -99.00 -99.00
 61.5 16.09 -99.00 -99.00
 62.0 16.24 -99.00 -99.00
 62.5 16.35 -99.00 -99.00
 63.0 16.50 -99.00 -99.00
 63.5 16.61 -99.00 -99.00
 64.0 16.72 -99.00 -99.00
 64.5 16.87 -99.00 -99.00
 65.0 16.98 -99.00 -99.00
 65.5 17.13 -99.00 -99.00
 66.0 17.24 -99.00 -99.00
 66.5 17.39 -99.00 -99.00
 67.0 17.50 -99.00 -99.00
 67.5 17.65 -99.00 -99.00
 68.0 17.76 -99.00 -99.00
 68.5 17.91 -99.00 -99.00
 69.0 18.02 -99.00 -99.00
 69.5 18.17 -99.00 -99.00
 70.0 18.28 -99.00 -99.00
 70.5 18.39 -99.00 -99.00
 71.0 18.54 -99.00 -99.00
 71.5 18.65 -99.00 -99.00
 72.0 18.80 -99.00 -99.00
 72.5 18.91 -99.00 -99.00
 73.0 19.06 -99.00 -99.00
 73.5 19.17 -99.00 -99.00
 74.0 19.32 -99.00 -99.00
 74.5 19.43 -99.00 -99.00
 75.0 19.58 -99.00 -99.00
 75.5 19.69 -99.00 -99.00
 76.0 19.84 -99.00 -99.00
 76.5 19.95 -99.00 -99.00
 77.0 20.06 -99.00 -99.00
 77.5 20.21 -99.00 -99.00
 78.0 20.32 -99.00 -99.00
 78.5 20.47 -99.00 -99.00
 79.0 20.58 -99.00 -99.00
 79.5 20.73 -99.00 -99.00
 80.0 20.84 -99.00 -99.00
 80.5 20.99 -99.00 -99.00
 81.0 21.10 -99.00 -99.00
 81.5 21.25 -99.00 -99.00
 82.0 21.37 -99.00 -99.00
 82.5 21.51 -99.00 -99.00
 83.0 21.63 -99.00 -99.00
 83.5 21.78 -99.00 -99.00
 84.0 21.89 -99.00 -99.00
 84.5 22.00 -99.00 -99.00
 85.0 22.15 -99.00 -99.00
 85.5 22.26 -99.00 -99.00
 86.0 22.41 -99.00 -99.00
 86.5 22.52 -99.00 -99.00
 87.0 22.67 -99.00 -99.00
 87.5 22.78 -99.00 -99.00
 88.0 22.93 -99.00 -99.00
 88.5 23.05 -99.00 -99.00
 89.0 23.20 -99.00 -99.00
 89.5 23.31 -99.00 -99.00
 90.0 23.46 -99.00 -99.00
 90.5 23.57 -99.00 -99.00
 91.0 23.72 -99.00 -99.00
 91.5 23.83 -99.00 -99.00
 92.0 23.95 -99.00 -99.00
 92.5 24.10 -99.00 -99.00
 93.0 24.21 -99.00 -99.00
 93.5 24.36 -99.00 -99.00
 94.0 24.47 -99.00 -99.00
 94.5 24.62 -99.00 -99.00
 95.0 24.73 -99.00 -99.00
 95.5 24.88 -99.00 -99.00
 96.0 25.00 -99.00 -99.00
 96.5 25.11 -99.00 -99.00
 97.0 25.11 -99.00 -99.00
 97.5 25.11 -99.00 -99.00
 98.0 25.11 -99.00 -99.00
 98.5 25.11 -99.00 -99.00
 99.0 25.11 -99.00 -99.00
 99.5 25.11 -99.00 -99.00
Elevacao = 11
  0.0  0.68 -99.00 -99.00
  0.5  0.81  -0.50  -0.50
  1.0  0.94 -16.50 -16.50
  1.5  1.12 -21.00 -21.00
  2.0  1.25 -99.00 -99.00
  2.5  1.42 -99.00 -99.00
  3.0  1.55  -8.00  -8.00
  3.5  1.73  -0.50  -0.50
  4.0  1.86 -10.50 -10.50
  4.5  2.03   2.00   2.00
  5.0  2.16   4.00   4.00
  5.5  2.34  -1.00  -1.00
  6.0  2.47  13.50  13.50
  6.5  2.64  11.50  11.50
  7.0  2.77   2.50   3.00
  7.5  2.90  11.00  11.50
  8.0  3.08   9.50  10.00
  8.5  3.21   6.00   6.50
  9.0  3.38   6.50   7.00
  9.5  3.51   8.00   8.50
 10.0  3.69  10.50  11.00
 10.5  3.82  11.50  12.00
 11.0  3.99   8.00   8.50
 11.5  4.13   4.50   5.00
 12.0  4.30   3.50   4.00
 12.5  4.43  -2.00  -1.50
 13.0  4.61  -1.00  -0.50
 13.5  4.74  -3.50  -3.00
 14.0  4.91  -2.50  -2.00
 14.5  5.04  -2.50  -2.00
 15.0  5.22  -0.50   0.00
 15.5  5.35  -2.00  -1.50
 16.0  5.52   2.50   3.00
 16.5  5.66  11.00  11.50
 17.0  5.83  13.50  14.00
 17.5  5.96  15.50  16.00
 18.0  6.14  19.00  19.50
 18.5  6.27  21.00  21.50
 19.0  6.44  18.00  18.50
 19.5  6.58  17.50  18.00
 20.0  6.75  23.00  23.50
 20.5  6.88  22.50  23.50
 21.0  7.06  22.50  23.50
 21.5  7.19  20.50  21.50
 22.0  7.36  21.00  22.00
 22.5  7.50  19.00  20.00
 23.0  7.67  19.50  21.00
 23.5  7.80  19.50  21.00
 24.0  7.98  17.50  19.00
 24.5  8.11  18.00  19.50
 25.0  8.29  15.00  16.50
 25.5  8.42  19.00  20.50
 26.0  8.59  16.00  17.50
 26.5  8.72  15.50  17.00
 27.0  8.90  17.00  19.00
 27.5  9.03  15.50  17.50
 28.0  9.21  15.50  17.50
 28.5  9.34  15.00  17.00
 29.0  9.52  14.00  16.00
 29.5  9.65  13.50  15.50
 30.0  9.82  17.50  19.50
 30.5  9.96  16.00  18.00
 31.0 10.13  15.50  17.50
 31.5 10.26  16.00  18.00
 32.0 10.44  15.50  17.50
 32.5 10.57  15.00  17.00
 33.0 10.75  14.50  17.00
 33.5 10.88  12.00  14.50
 34.0 11.06  14.50  17.00
 34.5 11.19  12.00  14.50
 35.0 11.36  11.50  14.00
 35.5 11.50  11.00  13.50
 36.0 11.67  10.50  13.00
 36.5 11.81  10.00  12.50
 37.0 11.98  10.50  13.00
 37.5 12.11  11.50  14.00
 38.0 12.29   9.50  12.00
 38.5 12.42   8.50  11.00
 39.0 12.60   8.50  11.00
 39.5 12.73 -99.00 -99.00
 40.0 12.91 -99.00 -99.00
 40.5 13.04 -99.00 -99.00
 41.0 13.22 -99.00 -99.00
 41.5 13.35 -99.00 -99.00
 42.0 13.53 -99.00 -99.00
 42.5 13.66 -99.00 -99.00
 43.0 13.84 -99.00 -99.00
 43.5 13.97 -99.00 -99.00
 44.0 14.15 -99.00 -99.00
 44.5 14.28 -99.00 -99.00
 45.0 14.46 -99.00 -99.00
 45.5 14.59 -99.00 -99.00
 46.0 14.77 -99.00 -99.00
 46.5 14.90 -99.00 -99.00
 47.0 15.08 -99.00 -99.00
 47.5 15.21 -99.00 -99.00
 48.0 15.39 -99.00 -99.00
 48.5 15.52 -99.00 -99.00
 49.0 15.70 -99.00 -99.00
 49.5 15.83 -99.00 -99.00
 50.0 16.01 -99.00 -99.00
 50.5 16.18 -99.00 -99.00
 51.0 16.32 -99.00 -99.00
 51.5 16.49 -99.00 -99.00
 52.0 16.63 -99.00 -99.00
 52.5 16.80 -99.00 -99.00
 53.0 16.94 -99.00 -99.00
 53.5 17.11 -99.00 -99.00
 54.0 17.25 -99.00 -99.00
 54.5 17.43 -99.00 -99.00
 55.0 17.56 -99.00 -99.00
 55.5 17.74 -99.00 -99.00
 56.0 17.87 -99.00 -99.00
 56.5 18.05 -99.00 -99.00
 57.0 18.18 -99.00 -99.00
 57.5 18.36 -99.00 -99.00
 58.0 18.49 -99.00 -99.00
 58.5 18.67 -99.00 -99.00
 59.0 18.80 -99.00 -99.00
 59.5 18.98 -99.00 -99.00
 60.0 19.11 -99.00 -99.00
 60.5 19.29 -99.00 -99.00
 61.0 19.43 -99.00 -99.00
 61.5 19.60 -99.00 -99.00
 62.0 19.74 -99.00 -99.00
 62.5 19.92 -99.00 -99.00
 63.0 20.05 -99.00 -99.00
 63.5 20.23 -99.00 -99.00
 64.0 20.36 -99.00 -99.00
 64.5 20.54 -99.00 -99.00
 65.0 20.67 -99.00 -99.00
 65.5 20.85 -99.00 -99.00
 66.0 20.99 -99.00 -99.00
 66.5 21.16 -99.00 -99.00
 67.0 21.30 -99.00 -99.00
 67.5 21.48 -99.00 -99.00
 68.0 21.61 -99.00 -99.00
 68.5 21.79 -99.00 -99.00
 69.0 21.92 -99.00 -99.00
 69.5 22.10 -99.00 -99.00
 70.0 22.28 -99.00 -99.00
 70.5 22.41 -99.00 -99.00
 71.0 22.59 -99.00 -99.00
 71.5 22.73 -99.00 -99.00
 72.0 22.90 -99.00 -99.00
 72.5 23.04 -99.00 -99.00
 73.0 23.22 -99.00 -99.00
 73.5 23.35 -99.00 -99.00
 74.0 23.53 -99.00 -99.00
 74.5 23.67 -99.00 -99.00
 75.0 23.84 -99.00 -99.00
 75.5 23.98 -99.00 -99.00
 76.0 24.16 -99.00 -99.00
 76.5 24.29 -99.00 -99.00
 77.0 24.47 -99.00 -99.00
 77.5 24.61 -99.00 -99.00
 78.0 24.78 -99.00 -99.00
 78.5 24.92 -99.00 -99.00
 79.0 25.10 -99.00 -99.00
 79.5 25.23 -99.00 -99.00
 80.0 25.41 -99.00 -99.00
 80.5 25.55 -99.00 -99.00
 81.0 25.73 -99.00 -99.00
 81.5 25.86 -99.00 -99.00
 82.0 26.04 -99.00 -99.00
 82.5 26.17 -99.00 -99.00
 83.0 26.35 -99.00 -99.00
 83.5 26.53 -99.00 -99.00
 84.0 26.67 -99.00 -99.00
 84.5 26.85 -99.00 -99.00
 85.0 26.98 -99.00 -99.00
 85.5 27.16 -99.00 -99.00
 86.0 27.30 -99.00 -99.00
 86.5 27.48 -99.00 -99.00
 87.0 27.61 -99.00 -99.00
 87.5 27.79 -99.00 -99.00
 88.0 27.93 -99.00 -99.00
 88.5 28.11 -99.00 -99.00
 89.0 28.24 -99.00 -99.00
 89.5 28.42 -99.00 -99.00
 90.0 28.56 -99.00 -99.00
 90.5 28.74 -99.00 -99.00
 91.0 28.87 -99.00 -99.00
 91.5 29.05 -99.00 -99.00
 92.0 29.19 -99.00 -99.00
 92.5 29.37 -99.00 -99.00
 93.0 29.55 -99.00 -99.00
 93.5 29.68 -99.00 -99.00
 94.0 29.86 -99.00 -99.00
 94.5 30.00 -99.00 -99.00
 95.0 30.13 -99.00 -99.00
 95.5 30.13 -99.00 -99.00
 96.0 30.13 -99.00 -99.00
 96.5 30.13 -99.00 -99.00
 97.0 30.13 -99.00 -99.00
 97.5 30.13 -99.00 -99.00
 98.0 30.13 -99.00 -99.00
 98.5 30.13 -99.00 -99.00
 99.0 30.13 -99.00 -99.00
 99.5 30.13 -99.00 -99.00
Elevacao = 12
  0.0  0.69 -99.00 -99.00
  0.5  0.84 -99.00 -99.00
  1.0  1.00 -22.50 -22.50
  1.5  1.21 -17.00 -17.00
  2.0  1.36 -99.00 -99.00
  2.5  1.57 -99.00 -99.00
  3.0  1.78 -10.00 -10.00
  3.5  1.93 -10.50 -10.50
  4.0  2.14  -5.00  -5.00
  4.5  2.30   4.00   4.00
  5.0  2.51   3.50   3.50
  5.5  2.66  -0.50  -0.50
  6.0  2.87  12.00  12.00
  6.5  3.03  10.50  10.50
  7.0  3.23   7.00   7.00
  7.5  3.44  12.00  12.00
  8.0  3.60  10.50  10.50
  8.5  3.81   7.00   7.00
  9.0  3.96   5.00   5.00
  9.5  4.17   9.00   9.00
 10.0  4.33   8.50   8.50
 10.5  4.54   7.00   7.00
 11.0  4.74   7.50   7.50
 11.5  4.90   2.50   2.50
 12.0  5.11   3.50   3.50
 12.5  5.27   1.00   1.00
 13.0  5.47   1.00   1.00
 13.5  5.63   0.50   0.50
 14.0  5.84   3.50   3.50
 14.5  6.05   8.50   8.50
 15.0  6.20  15.00  15.00
 15.5  6.41  19.00  19.00
 16.0  6.57  19.00  19.00
 16.5  6.78  19.00  19.50
 17.0  6.93  22.50  23.00
 17.5  7.14  22.00  22.50
 18.0  7.35  24.50  25.00
 18.5  7.51  20.00  20.50
 19.0  7.72  22.00  22.50
 19.5  7.87  18.00  19.00
 20.0  8.08  20.50  21.50
 20.5  8.24  18.00  19.00
 21.0  8.45  18.50  19.50
 21.5  8.66  14.00  15.00
 22.0  8.81  15.00  16.00
 22.5  9.02  17.00  18.00
 23.0  9.18  17.00  18.00
 23.5  9.39  19.00  20.00
 24.0  9.55  17.00  18.00
 24.5  9.76  17.00  18.00
 25.0  9.97  10.50  12.00
 25.5 10.12  15.00  16.50
 26.0 10.33  11.00  12.50
 26.5 10.49  11.50  13.00
 27.0 10.70  13.00  14.50
 27.5 10.86  13.50  15.00
 28.0 11.07  10.00  11.50
 28.5 11.27  11.50  13.00
 29.0 11.43  13.00  14.50
 29.5 11.64  13.00  14.50
 30.0 11.80  10.50  12.00
 30.5 12.01  10.50  12.00
 31.0 12.17  10.50  12.00
 31.5 12.38   6.00   7.50
 32.0 12.59   5.00   6.50
 32.5 12.74   6.50   8.00
 33.0 12.95   6.50   8.00
 33.5 13.11 -99.00 -99.00
 34.0 13.32 -99.00 -99.00
 34.5 13.48 -99.00 -99.00
 35.0 13.69 -99.00 -99.00
 35.5 13.90 -99.00 -99.00
 36.0 14.05 -99.00 -99.00
 36.5 14.26 -99.00 -99.00
 37.0 14.42 -99.00 -99.00
 37.5 14.63 -99.00 -99.00
 38.0 14.79 -99.00 -99.00
 38.5 15.00 -99.00 -99.00
 39.0 15.21 -99.00 -99.00
 39.5 15.37 -99.00 -99.00
 40.0 15.58 -99.00 -99.00
 40.5 15.74 -99.00 -99.00
 41.0 15.95 -99.00 -99.00
 41.5 16.16 -99.00 -99.00
 42.0 16.31 -99.00 -99.00
 42.5 16.53 -99.00 -99.00
 43.0 16.68 -99.00 -99.00
 43.5 16.89 -99.00 -99.00
 44.0 17.05 -99.00 -99.00
 44.5 17.26 -99.00 -99.00
 45.0 17.47 -99.00 -99.00
 45.5 17.63 -99.00 -99.00
 46.0 17.84 -99.00 -99.00
 46.5 18.00 -99.00 -99.00
 47.0 18.21 -99.00 -99.00
 47.5 18.42 -99.00 -99.00
 48.0 18.58 -99.00 -99.00
 48.5 18.79 -99.00 -99.00
 49.0 18.95 -99.00 -99.00
 49.5 19.16 -99.00 -99.00
 50.0 19.32 -99.00 -99.00
 50.5 19.53 -99.00 -99.00
 51.0 19.74 -99.00 -99.00
 51.5 19.90 -99.00 -99.00
 52.0 20.11 -99.00 -99.00
 52.5 20.27 -99.00 -99.00
 53.0 20.48 -99.00 -99.00
 53.5 20.69 -99.00 -99.00
 54.0 20.85 -99.00 -99.00
 54.5 21.06 -99.00 -99.00
 55.0 21.22 -99.00 -99.00
 55.5 21.43 -99.00 -99.00
 56.0 21.59 -99.00 -99.00
 56.5 21.80 -99.00 -99.00
 57.0 22.01 -99.00 -99.00
 57.5 22.17 -99.00 -99.00
 58.0 22.38 -99.00 -99.00
 58.5 22.54 -99.00 -99.00
 59.0 22.75 -99.00 -99.00
 59.5 22.96 -99.00 -99.00
 60.0 23.12 -99.00 -99.00
 60.5 23.33 -99.00 -99.00
 61.0 23.49 -99.00 -99.00
 61.5 23.70 -99.00 -99.00
 62.0 23.92 -99.00 -99.00
 62.5 24.07 -99.00 -99.00
 63.0 24.29 -99.00 -99.00
 63.5 24.44 -99.00 -99.00
 64.0 24.66 -99.00 -99.00
 64.5 24.82 -99.00 -99.00
 65.0 25.03 -99.00 -99.00
 65.5 25.24 -99.00 -99.00
 66.0 25.40 -99.00 -99.00
 66.5 25.61 -99.00 -99.00
 67.0 25.77 -99.00 -99.00
 67.5 25.98 -99.00 -99.00
 68.0 26.19 -99.00 -99.00
 68.5 26.35 -99.00 -99.00
 69.0 26.57 -99.00 -99.00
 69.5 26.72 -99.00 -99.00
 70.0 26.94 -99.00 -99.00
 70.5 27.15 -99.00 -99.00
 71.0 27.31 -99.00 -99.00
 71.5 27.52 -99.00 -99.00
 72.0 27.68 -99.00 -99.00
 72.5 27.89 -99.00 -99.00
 73.0 28.11 -99.00 -99.00
 73.5 28.26 -99.00 -99.00
 74.0 28.48 -99.00 -99.00
 74.5 28.64 -99.00 -99.00
 75.0 28.85 -99.00 -99.00
 75.5 29.06 -99.00 -99.00
 76.0 29.22 -99.00 -99.00
 76.5 29.43 -99.00 -99.00
 77.0 29.59 -99.00 -99.00
 77.5 29.81 -99.00 -99.00
 78.0 30.02 -99.00 -99.00
 78.5 30.18 -99.00 -99.00
 79.0 30.39 -99.00 -99.00
 79.5 30.55 -99.00 -99.00
 80.0 30.76 -99.00 -99.00
 80.5 30.98 -99.00 -99.00
 81.0 31.14 -99.00 -99.00
 81.5 31.35 -99.00 -99.00
 82.0 31.51 -99.00 -99.00
 82.5 31.72 -99.00 -99.00
 83.0 31.94 -99.00 -99.00
 83.5 32.10 -99.00 -99.00
 84.0 32.31 -99.00 -99.00
 84.5 32.47 -99.00 -99.00
 85.0 32.68 -99.00 -99.00
 85.5 32.90 -99.00 -99.00
 86.0 33.06 -99.00 -99.00
 86.5 33.27 -99.00 -99.00
 87.0 33.43 -99.00 -99.00
 87.5 33.64 -99.00 -99.00
 88.0 33.86 -99.00 -99.00
 88.5 34.02 -99.00 -99.00
 89.0 34.23 -99.00 -99.00
 89.5 34.39 -99.00 -99.00
 90.0 34.60 -99.00 -99.00
 90.5 34.82 -99.00 -99.00
 91.0 34.98 -99.00 -99.00
 91.5 35.19 -99.00 -99.00
 92.0 35.35 -99.00 -99.00
 92.5 35.57 -99.00 -99.00
 93.0 35.73 -99.00 -99.00
 93.5 35.73 -99.00 -99.00
 94.0 35.73 -99.00 -99.00
 94.5 35.73 -99.00 -99.00
 95.0 35.73 -99.00 -99.00
 95.5 35.73 -99.00 -99.00
 96.0 35.73 -99.00 -99.00
 96.5 35.73 -99.00 -99.00
 97.0 35.73 -99.00 -99.00
 97.5 35.73 -99.00 -99.00
 98.0 35.73 -99.00 -99.00
 98.5 35.73 -99.00 -99.00
 99.0 35.73 -99.00 -99.00
 99.5 35.73 -99.00 -99.00
Elevacao = 13
  0.0  0.69 -99.00 -99.00
  0.5  0.88 -99.00 -99.00
  1.0  1.13 -23.50 -23.50
  1.5  1.31 -99.00 -99.00
  2.0  1.56 -99.00 -99.00
  2.5  1.81 -99.00 -99.00
  3.0  1.99 -99.00 -99.00
  3.5  2.24  -2.50  -2.50
  4.0  2.49  -0.50  -0.50
  4.5  2.67   5.50   5.50
  5.0  2.92   1.00   1.00
  5.5  3.17   9.00   9.00
  6.0  3.35  14.00  14.00
  6.5  3.60   5.50   5.50
  7.0  3.85   9.50   9.50
  7.5  4.04   7.00   7.00
  8.0  4.28   7.50   7.50
  8.5  4.53   0.00   0.00
  9.0  4.72  -1.50  -1.50
  9.5  4.96   4.00   4.00
 10.0  5.21   3.50   3.50
 10.5  5.40   6.00   6.00
 11.0  5.65   5.50   5.50
 11.5  5.90   8.50   8.50
 12.0  6.08   5.00   5.00
 12.5  6.33  10.00  10.00
 13.0  6.58  18.50  18.50
 13.5  6.76  23.50  23.50
 14.0  7.01  23.50  24.00
 14.5  7.26  22.50  23.00
 15.0  7.45  23.00  23.50
 15.5  7.70  20.00  20.50
 16.0  7.94  21.00  21.50
 16.5  8.13  20.00  20.50
 17.0  8.38  15.50  16.00
 17.5  8.63  15.00  15.50
 18.0  8.88  20.00  21.00
 18.5  9.06  16.50  17.50
 19.0  9.31  12.50  13.50
 19.5  9.56  15.50  16.50
 20.0  9.75  16.00  17.00
 20.5  9.99  16.50  17.50
 21.0 10.24  14.00  15.00
 21.5 10.43  11.50  12.50
 22.0 10.68  13.00  14.00
 22.5 10.93  15.50  16.50
 23.0 11.11  15.00  16.00
 23.5 11.36  12.50  13.50
 24.0 11.61  12.00  13.00
 24.5 11.80  10.00  11.00
 25.0 12.05  11.50  12.50
 25.5 12.30  10.00  11.00
 26.0 12.48  10.50  11.50
 26.5 12.73   8.00   9.00
 27.0 12.98   8.50   9.50
 27.5 13.17   7.00   8.00
 28.0 13.42   4.50   5.50
 28.5 13.67 -99.00 -99.00
 29.0 13.92 -99.00 -99.00
 29.5 14.10 -99.00 -99.00
 30.0 14.35 -99.00 -99.00
 30.5 14.60 -99.00 -99.00
 31.0 14.79 -99.00 -99.00
 31.5 15.04 -99.00 -99.00
 32.0 15.29 -99.00 -99.00
 32.5 15.47 -99.00 -99.00
 33.0 15.72 -99.00 -99.00
 33.5 15.97 -99.00 -99.00
 34.0 16.16 -99.00 -99.00
 34.5 16.41 -99.00 -99.00
 35.0 16.66 -99.00 -99.00
 35.5 16.85 -99.00 -99.00
 36.0 17.10 -99.00 -99.00
 36.5 17.35 -99.00 -99.00
 37.0 17.60 -99.00 -99.00
 37.5 17.78 -99.00 -99.00
 38.0 18.03 -99.00 -99.00
 38.5 18.28 -99.00 -99.00
 39.0 18.47 -99.00 -99.00
 39.5 18.72 -99.00 -99.00
 40.0 18.97 -99.00 -99.00
 40.5 19.16 -99.00 -99.00
 41.0 19.41 -99.00 -99.00
 41.5 19.66 -99.00 -99.00
 42.0 19.85 -99.00 -99.00
 42.5 20.10 -99.00 -99.00
 43.0 20.35 -99.00 -99.00
 43.5 20.60 -99.00 -99.00
 44.0 20.78 -99.00 -99.00
 44.5 21.03 -99.00 -99.00
 45.0 21.28 -99.00 -99.00
 45.5 21.47 -99.00 -99.00
 46.0 21.72 -99.00 -99.00
 46.5 21.97 -99.00 -99.00
 47.0 22.16 -99.00 -99.00
 47.5 22.41 -99.00 -99.00
 48.0 22.66 -99.00 -99.00
 48.5 22.91 -99.00 -99.00
 49.0 23.10 -99.00 -99.00
 49.5 23.35 -99.00 -99.00
 50.0 23.60 -99.00 -99.00
 50.5 23.79 -99.00 -99.00
 51.0 24.04 -99.00 -99.00
 51.5 24.29 -99.00 -99.00
 52.0 24.48 -99.00 -99.00
 52.5 24.73 -99.00 -99.00
 53.0 24.98 -99.00 -99.00
 53.5 25.23 -99.00 -99.00
 54.0 25.42 -99.00 -99.00
 54.5 25.67 -99.00 -99.00
 55.0 25.92 -99.00 -99.00
 55.5 26.11 -99.00 -99.00
 56.0 26.36 -99.00 -99.00
 56.5 26.61 -99.00 -99.00
 57.0 26.80 -99.00 -99.00
 57.5 27.05 -99.00 -99.00
 58.0 27.30 -99.00 -99.00
 58.5 27.55 -99.00 -99.00
 59.0 27.74 -99.00 -99.00
 59.5 27.99 -99.00 -99.00
 60.0 28.24 -99.00 -99.00
 60.5 28.43 -99.00 -99.00
 61.0 28.68 -99.00 -99.00
 61.5 28.93 -99.00 -99.00
 62.0 29.12 -99.00 -99.00
 62.5 29.37 -99.00 -99.00
 63.0 29.63 -99.00 -99.00
 63.5 29.88 -99.00 -99.00
 64.0 30.07 -99.00 -99.00
 64.5 30.32 -99.00 -99.00
 65.0 30.57 -99.00 -99.00
 65.5 30.76 -99.00 -99.00
 66.0 31.01 -99.00 -99.00
 66.5 31.26 -99.00 -99.00
 67.0 31.51 -99.00 -99.00
 67.5 31.70 -99.00 -99.00
 68.0 31.95 -99.00 -99.00
 68.5 32.20 -99.00 -99.00
 69.0 32.39 -99.00 -99.00
 69.5 32.65 -99.00 -99.00
 70.0 32.90 -99.00 -99.00
 70.5 33.09 -99.00 -99.00
 71.0 33.34 -99.00 -99.00
 71.5 33.59 -99.00 -99.00
 72.0 33.84 -99.00 -99.00
 72.5 34.03 -99.00 -99.00
 73.0 34.28 -99.00 -99.00
 73.5 34.54 -99.00 -99.00
 74.0 34.72 -99.00 -99.00
 74.5 34.98 -99.00 -99.00
 75.0 35.23 -99.00 -99.00
 75.5 35.48 -99.00 -99.00
 76.0 35.67 -99.00 -99.00
 76.5 35.92 -99.00 -99.00
 77.0 36.17 -99.00 -99.00
 77.5 36.36 -99.00 -99.00
 78.0 36.62 -99.00 -99.00
 78.5 36.87 -99.00 -99.00
 79.0 37.12 -99.00 -99.00
 79.5 37.31 -99.00 -99.00
 80.0 37.56 -99.00 -99.00
 80.5 37.82 -99.00 -99.00
 81.0 38.01 -99.00 -99.00
 81.5 38.26 -99.00 -99.00
 82.0 38.51 -99.00 -99.00
 82.5 38.76 -99.00 -99.00
 83.0 38.95 -99.00 -99.00
 83.5 39.21 -99.00 -99.00
 84.0 39.46 -99.00 -99.00
 84.5 39.71 -99.00 -99.00
 85.0 39.90 -99.00 -99.00
 85.5 40.15 -99.00 -99.00
 86.0 40.41 -99.00 -99.00
 86.5 40.60 -99.00 -99.00
 87.0 40.85 -99.00 -99.00
 87.5 41.10 -99.00 -99.00
 88.0 41.36 -99.00 -99.00
 88.5 41.55 -99.00 -99.00
 89.0 41.80 -99.00 -99.00
 89.5 42.05 -99.00 -99.00
 90.0 42.24 -99.00 -99.00
 90.5 42.30 -99.00 -99.00
 91.0 42.30 -99.00 -99.00
 91.5 42.30 -99.00 -99.00
 92.0 42.30 -99.00 -99.00
 92.5 42.30 -99.00 -99.00
 93.0 42.30 -99.00 -99.00
 93.5 42.30 -99.00 -99.00
 94.0 42.30 -99.00 -99.00
 94.5 42.30 -99.00 -99.00
 95.0 42.30 -99.00 -99.00
 95.5 42.30 -99.00 -99.00
 96.0 42.30 -99.00 -99.00
 96.5 42.30 -99.00 -99.00
 97.0 42.30 -99.00 -99.00
 97.5 42.30 -99.00 -99.00
 98.0 42.30 -99.00 -99.00
 98.5 42.30 -99.00 -99.00
 99.0 42.30 -99.00 -99.00
 99.5 42.30 -99.00 -99.00
