Elevacao = 01
  0.0  1.00   0.00
  0.5  1.00   0.00
  1.0  1.00   0.00
  1.5  0.99   0.00
  2.0  0.99   0.00
  2.5  0.99   0.00
  3.0  0.99   0.00
  3.5  0.99   0.00
  4.0  0.98   0.00
  4.5  0.98   0.00
  5.0  0.98   0.00
  5.5  0.98   0.00
  6.0  0.98   0.00
  6.5  0.98   0.00
  7.0  0.98   0.00
  7.5  0.98   0.00
  8.0  0.98   0.00
  8.5  0.97   0.00
  9.0  0.97   0.00
  9.5  0.97   0.00
 10.0  0.97   0.00
 10.5  0.97   0.00
 11.0  0.97   0.00
 11.5  0.97   0.00
 12.0  0.97   0.00
 12.5  0.97   0.00
 13.0  0.97   0.00
 13.5  0.97   0.00
 14.0  0.97   0.00
 14.5  0.97   0.00
 15.0  0.98   0.00
 15.5  0.98   0.00
 16.0  0.98   0.00
 16.5  0.98   0.00
 17.0  0.98   0.00
 17.5  0.98   0.00
 18.0  0.98   0.00
 18.5  0.98   0.00
 19.0  0.98   0.00
 19.5  0.99   0.00
 20.0  0.99   0.00
 20.5  0.99   0.00
 21.0  0.99   0.00
 21.5  0.99   0.00
 22.0  0.99   0.00
 22.5  1.00   0.00
 23.0  1.00   0.00
 23.5  1.00   0.00
 24.0  1.00   0.00
 24.5  1.00   0.00
 25.0  1.01   0.00
 25.5  1.01   0.00
 26.0  1.01   0.00
 26.5  1.02   0.00
 27.0  1.02   0.00
 27.5  1.02   0.00
 28.0  1.02   0.00
 28.5  1.03   0.00
 29.0  1.03   0.00
 29.5  1.03   0.00
 30.0  1.04   0.00
 30.5  1.04   0.00
 31.0  1.05   0.00
 31.5  1.05   0.00
 32.0  1.05   0.00
 32.5  1.06   0.00
 33.0  1.06   0.00
 33.5  1.07   0.00
 34.0  1.07   0.00
 34.5  1.08   0.00
 35.0  1.08   0.00
 35.5  1.09   0.00
 36.0  1.09   0.00
 36.5  1.09   0.00
 37.0  1.10   0.00
 37.5  1.11   0.00
 38.0  1.11   0.00
 38.5  1.12   0.00
 39.0  1.12   0.00
 39.5  1.13   0.00
 40.0  1.13   0.00
 40.5  1.14   0.00
 41.0  1.15   0.00
 41.5  1.16   0.00
 42.0  1.16   0.00
 42.5  1.16   0.00
 43.0  1.17   0.00
 43.5  1.18   0.00
 44.0  1.19   0.00
 44.5  1.19   0.00
 45.0  1.20   0.00
 45.5  1.21   0.00
 46.0  1.21   0.00
 46.5  1.22   0.00
 47.0  1.23   0.00
 47.5  1.24   0.00
 48.0  1.24   0.00
 48.5  1.25   0.00
 49.0  1.26   0.00
 49.5  1.27   0.00
Elevacao = 02
  0.0  1.23   0.00
  0.5  1.22   0.00
  1.0  1.22   0.00
  1.5  1.21   0.00
  2.0  1.21   0.00
  2.5  1.21   0.00
  3.0  1.20   0.00
  3.5  1.20   0.00
  4.0  1.19   0.00
  4.5  1.19   0.00
  5.0  1.19   0.00
  5.5  1.18   0.00
  6.0  1.18   0.00
  6.5  1.18   0.00
  7.0  1.18   0.00
  7.5  1.17   0.00
  8.0  1.17   0.00
  8.5  1.17   0.00
  9.0  1.17   0.00
  9.5  1.17   0.00
 10.0  1.17   0.00
 10.5  1.17   0.00
 11.0  1.16   0.00
 11.5  1.16   0.00
 12.0  1.16   0.00
 12.5  1.16   0.00
 13.0  1.17   0.00
 13.5  1.17   0.00
 14.0  1.17   0.00
 14.5  1.17   0.00
 15.0  1.17   0.00
 15.5  1.17   0.00
 16.0  1.17   0.00
 16.5  1.18   0.00
 17.0  1.18   0.00
 17.5  1.18   0.00
 18.0  1.19   0.00
 18.5  1.19   0.00
 19.0  1.19   0.00
 19.5  1.20   0.00
 20.0  1.20   0.00
 20.5  1.20   0.00
 21.0  1.21   0.00
 21.5  1.21   0.00
 22.0  1.21   0.00
 22.5  1.22   0.00
 23.0  1.22   0.00
 23.5  1.23   0.00
 24.0  1.23   0.00
 24.5  1.24   0.00
 25.0  1.25   0.00
 25.5  1.25   0.00
 26.0  1.26   0.00
 26.5  1.26   0.00
 27.0  1.27   0.00
 27.5  1.28   0.00
 28.0  1.28   0.00
 28.5  1.29   0.00
 29.0  1.30   0.00
 29.5  1.30   0.00
 30.0  1.31   0.00
 30.5  1.32   0.00
 31.0  1.32   0.00
 31.5  1.33   0.00
 32.0  1.34   0.00
 32.5  1.35   0.00
 33.0  1.36   0.00
 33.5  1.37   0.00
 34.0  1.37   0.00
 34.5  1.38   0.00
 35.0  1.39   0.00
 35.5  1.40   0.00
 36.0  1.42   0.00
 36.5  1.42   0.00
 37.0  1.43   0.00
 37.5  1.44   0.00
 38.0  1.45   0.00
 38.5  1.46   0.00
 39.0  1.46   0.00
 39.5  1.48   0.00
 40.0  1.49   0.00
 40.5  1.50   0.00
 41.0  1.51   0.00
 41.5  1.53   0.00
 42.0  1.54   0.00
 42.5  1.54   0.00
 43.0  1.55   0.00
 43.5  1.56   0.00
 44.0  1.58   0.00
 44.5  1.59   0.00
 45.0  1.60   0.00
 45.5  1.62   0.00
 46.0  1.62   0.00
 46.5  1.63   0.00
 47.0  1.64   0.00
 47.5  1.66   0.00
 48.0  1.67   0.00
 48.5  1.69   0.00
 49.0  1.70   0.00
 49.5  1.71   0.00
Elevacao = 03
  0.0  1.46   0.00
  0.5  1.45   0.00
  1.0  1.44   0.00
  1.5  1.44   0.00
  2.0  1.43   0.00
  2.5  1.42   0.00
  3.0  1.41   0.00
  3.5  1.41   0.00
  4.0  1.40   0.00
  4.5  1.40   0.00
  5.0  1.39   0.00
  5.5  1.39   0.00
  6.0  1.39   0.00
  6.5  1.38   0.00
  7.0  1.38   0.00
  7.5  1.37   0.00
  8.0  1.37   0.00
  8.5  1.36   0.00
  9.0  1.36   0.00
  9.5  1.36   0.00
 10.0  1.36   0.00
 10.5  1.36   0.00
 11.0  1.36   0.00
 11.5  1.36   0.00
 12.0  1.36   0.00
 12.5  1.36   0.00
 13.0  1.36   0.00
 13.5  1.36   0.00
 14.0  1.36   0.00
 14.5  1.36   0.00
 15.0  1.37   0.00
 15.5  1.37   0.00
 16.0  1.37   0.00
 16.5  1.38   0.00
 17.0  1.38   0.00
 17.5  1.39   0.00
 18.0  1.39   0.00
 18.5  1.39   0.00
 19.0  1.40   0.00
 19.5  1.41   0.00
 20.0  1.41   0.00
 20.5  1.41   0.00
 21.0  1.42   0.00
 21.5  1.43   0.00
 22.0  1.44   0.00
 22.5  1.44   0.00
 23.0  1.45   0.00
 23.5  1.46   0.00
 24.0  1.46   0.00
 24.5  1.47   0.00
 25.0  1.49   0.00
 25.5  1.49   0.00
 26.0  1.50   0.00
 26.5  1.51   0.00
 27.0  1.52   0.00
 27.5  1.53   0.00
 28.0  1.54   0.00
 28.5  1.55   0.00
 29.0  1.56   0.00
 29.5  1.57   0.00
 30.0  1.59   0.00
 30.5  1.60   0.00
 31.0  1.60   0.00
 31.5  1.62   0.00
 32.0  1.63   0.00
 32.5  1.64   0.00
 33.0  1.65   0.00
 33.5  1.67   0.00
 34.0  1.68   0.00
 34.5  1.69   0.00
 35.0  1.70   0.00
 35.5  1.72   0.00
 36.0  1.74   0.00
 36.5  1.74   0.00
 37.0  1.75   0.00
 37.5  1.77   0.00
 38.0  1.79   0.00
 38.5  1.81   0.00
 39.0  1.81   0.00
 39.5  1.82   0.00
 40.0  1.84   0.00
 40.5  1.86   0.00
 41.0  1.88   0.00
 41.5  1.89   0.00
 42.0  1.91   0.00
 42.5  1.91   0.00
 43.0  1.93   0.00
 43.5  1.95   0.00
 44.0  1.97   0.00
 44.5  1.99   0.00
 45.0  2.00   0.00
 45.5  2.02   0.00
 46.0  2.02   0.00
 46.5  2.04   0.00
 47.0  2.06   0.00
 47.5  2.08   0.00
 48.0  2.10   0.00
 48.5  2.12   0.00
 49.0  2.14   0.00
 49.5  2.16   0.00
Elevacao = 04
  0.0  1.76   0.00
  0.5  1.75   0.00
  1.0  1.74   0.00
  1.5  1.73   0.00
  2.0  1.72   0.00
  2.5  1.71   0.00
  3.0  1.70   0.00
  3.5  1.69   0.00
  4.0  1.69   0.00
  4.5  1.68   0.00
  5.0  1.67   0.00
  5.5  1.66   0.00
  6.0  1.66   0.00
  6.5  1.65   0.00
  7.0  1.65   0.00
  7.5  1.63   0.00
  8.0  1.63   0.00
  8.5  1.63   0.00
  9.0  1.62   0.00
  9.5  1.62   0.00
 10.0  1.62   0.00
 10.5  1.62   0.00
 11.0  1.61   0.00
 11.5  1.61   0.00
 12.0  1.61   0.00
 12.5  1.61   0.00
 13.0  1.62   0.00
 13.5  1.62   0.00
 14.0  1.62   0.00
 14.5  1.62   0.00
 15.0  1.63   0.00
 15.5  1.63   0.00
 16.0  1.63   0.00
 16.5  1.65   0.00
 17.0  1.65   0.00
 17.5  1.66   0.00
 18.0  1.67   0.00
 18.5  1.67   0.00
 19.0  1.68   0.00
 19.5  1.69   0.00
 20.0  1.70   0.00
 20.5  1.70   0.00
 21.0  1.71   0.00
 21.5  1.72  46.26
 22.0  1.73  49.78
 22.5  1.74  47.14
 23.0  1.75  47.58
 23.5  1.76  50.44
 24.0  1.77  47.80
 24.5  1.78  44.72
 25.0  1.81  51.10
 25.5  1.82  48.46
 26.0  1.83  45.16
 26.5  1.84  38.78
 27.0  1.85  33.06
 27.5  1.87  39.00
 28.0  1.88  35.92
 28.5  1.90  35.26
 29.0  1.92  42.52
 29.5  1.93  33.06
 30.0  1.95   0.00
 30.5  1.96   0.00
 31.0  1.97   0.00
 31.5  2.00   0.00
 32.0  2.01   0.00
 32.5  2.03   0.00
 33.0  2.04   0.00
 33.5  2.07   0.00
 34.0  2.08   0.00
 34.5  2.10   0.00
 35.0  2.13   0.00
 35.5  2.14   0.00
 36.0  2.17   0.00
 36.5  2.17   0.00
 37.0  2.19   0.00
 37.5  2.22   0.00
 38.0  2.24   0.00
 38.5  2.26   0.00
 39.0  2.26   0.00
 39.5  2.29   0.00
 40.0  2.31   0.00
 40.5  2.34   0.00
 41.0  2.36   0.00
 41.5  2.39   0.00
 42.0  2.41   0.00
 42.5  2.41   0.00
 43.0  2.44   0.00
 43.5  2.46   0.00
 44.0  2.49   0.00
 44.5  2.51   0.00
 45.0  2.54   0.00
 45.5  2.56   0.00
 46.0  2.56   0.00
 46.5  2.59   0.00
 47.0  2.61   0.00
 47.5  2.64   0.00
 48.0  2.67   0.00
 48.5  2.69   0.00
 49.0  2.72   0.00
 49.5  2.75   0.00
Elevacao = 05
  0.0  2.07   0.00
  0.5  2.05   0.00
  1.0  2.04   0.00
  1.5  2.03   0.00
  2.0  2.01   0.00
  2.5  2.00   0.00
  3.0  1.98   0.00
  3.5  1.97   0.00
  4.0  1.97   0.00
  4.5  1.95   0.00
  5.0  1.94   0.00
  5.5  1.93   0.00
  6.0  1.93   0.00
  6.5  1.91   0.00
  7.0  1.91   0.00
  7.5  1.90   0.00
  8.0  1.90   0.00
  8.5  1.90   0.00
  9.0  1.88   0.00
  9.5  1.88   0.00
 10.0  1.88   0.00
 10.5  1.88   0.00
 11.0  1.87   0.00
 11.5  1.87  18.76
 12.0  1.87  28.00
 12.5  1.87  29.32
 13.0  1.88  31.30
 13.5  1.88  31.08
 14.0  1.88  39.66
 14.5  1.88  34.60
 15.0  1.90  39.00
 15.5  1.90  38.78
 16.0  1.90  35.04
 16.5  1.91  37.90
 17.0  1.91  36.80
 17.5  1.93  35.92
 18.0  1.94  44.50
 18.5  1.94  42.08
 19.0  1.95  46.48
 19.5  1.97  44.94
 20.0  1.98  50.66
 20.5  1.98  54.84
 21.0  2.00  45.82
 21.5  2.01  50.22
 22.0  2.03  48.24
 22.5  2.04  52.20
 23.0  2.05  51.32
 23.5  2.07  48.90
 24.0  2.08  41.42
 24.5  2.10  41.42
 25.0  2.13  43.62
 25.5  2.14  43.40
 26.0  2.15  41.42
 26.5  2.17  37.68
 27.0  2.20  34.82
 27.5  2.21  36.14
 28.0  2.23  40.76
 28.5  2.26  42.08
 29.0  2.27  45.38
 29.5  2.29  39.44
 30.0  2.32   0.00
 30.5  2.33   0.00
 31.0  2.35   0.00
 31.5  2.38   0.00
 32.0  2.39   0.00
 32.5  2.42   0.00
 33.0  2.44   0.00
 33.5  2.47   0.00
 34.0  2.48   0.00
 34.5  2.51   0.00
 35.0  2.54   0.00
 35.5  2.57   0.00
 36.0  2.60   0.00
 36.5  2.60   0.00
 37.0  2.63   0.00
 37.5  2.66   0.00
 38.0  2.69   0.00
 38.5  2.72   0.00
 39.0  2.75   0.00
 39.5  2.75   0.00
 40.0  2.78   0.00
 40.5  2.81   0.00
 41.0  2.85   0.00
 41.5  2.88   0.00
 42.0  2.91   0.00
 42.5  2.91   0.00
 43.0  2.94   0.00
 43.5  2.97   0.00
 44.0  3.01   0.00
 44.5  3.04   0.00
 45.0  3.07   0.00
 45.5  3.10   0.00
 46.0  3.14   0.00
 46.5  3.14   0.00
 47.0  3.17   0.00
 47.5  3.20   0.00
 48.0  3.24   0.00
 48.5  3.27   0.00
 49.0  3.30   0.00
 49.5  3.34   0.00
Elevacao = 06
  0.0  2.45   0.00
  0.5  2.43   0.00
  1.0  2.41   0.00
  1.5  2.39   0.00
  2.0  2.38   0.00
  2.5  2.36   0.00
  3.0  2.34   0.00
  3.5  2.32   0.00
  4.0  2.32   0.00
  4.5  2.30   0.00
  5.0  2.28   0.00
  5.5  2.26   0.00
  6.0  2.26   0.00
  6.5  2.25   0.00
  7.0  2.25   0.00
  7.5  2.23   0.00
  8.0  2.23   0.00
  8.5  2.23   0.00
  9.0  2.21   0.00
  9.5  2.21   0.00
 10.0  2.21   0.00
 10.5  2.21   0.00
 11.0  2.21   0.00
 11.5  2.21  19.20
 12.0  2.19  29.10
 12.5  2.21  30.64
 13.0  2.21  33.06
 13.5  2.21  34.82
 14.0  2.21  35.92
 14.5  2.21  33.28
 15.0  2.23  35.26
 15.5  2.23  35.48
 16.0  2.23  36.14
 16.5  2.25  34.38
 17.0  2.25  37.68
 17.5  2.26  42.52
 18.0  2.28  36.80
 18.5  2.28  46.04
 19.0  2.30  44.94
 19.5  2.32  50.00
 20.0  2.34  48.90
 20.5  2.34  49.78
 21.0  2.36  46.92
 21.5  2.38  48.02
 22.0  2.39  48.68
 22.5  2.41  49.78
 23.0  2.43  51.76
 23.5  2.45  48.90
 24.0  2.47  43.18
 24.5  2.51  43.18
 25.0  2.52  43.62
 25.5  2.54  47.58
 26.0  2.56  42.30
 26.5  2.58  36.80
 27.0  2.62  41.64
 27.5  2.64  34.82
 28.0  2.66  39.66
 28.5  2.70  43.40
 29.0  2.71  51.98
 29.5  2.73  45.16
 30.0  2.77   0.00
 30.5  2.79   0.00
 31.0  2.83   0.00
 31.5  2.85   0.00
 32.0  2.87   0.00
 32.5  2.91   0.00
 33.0  2.93   0.00
 33.5  2.97   0.00
 34.0  3.00   0.00
 34.5  3.02   0.00
 35.0  3.06   0.00
 35.5  3.09   0.00
 36.0  3.13   0.00
 36.5  3.13   0.00
 37.0  3.17   0.00
 37.5  3.21   0.00
 38.0  3.25   0.00
 38.5  3.29   0.00
 39.0  3.33   0.00
 39.5  3.33   0.00
 40.0  3.37   0.00
 40.5  3.41   0.00
 41.0  3.45   0.00
 41.5  3.49   0.00
 42.0  3.53   0.00
 42.5  3.53   0.00
 43.0  3.57   0.00
 43.5  3.62   0.00
 44.0  3.66   0.00
 44.5  3.70   0.00
 45.0  3.74   0.00
 45.5  3.78   0.00
 46.0  3.82   0.00
 46.5  3.82   0.00
 47.0  3.86   0.00
 47.5  3.90   0.00
 48.0  3.95   0.00
 48.5  3.99   0.00
 49.0  4.03   0.00
 49.5  4.07   0.00
Elevacao = 07
  0.0  2.98   0.00
  0.5  2.96   0.00
  1.0  2.93   0.00
  1.5  2.91   0.00
  2.0  2.88   0.00
  2.5  2.86   0.00
  3.0  2.84   0.00
  3.5  2.81   0.00
  4.0  2.81   0.00
  4.5  2.79   0.00
  5.0  2.76   0.00
  5.5  2.76   0.00
  6.0  2.74   0.00
  6.5  2.71   0.00
  7.0  2.71   0.00
  7.5  2.69   0.00
  8.0  2.69   0.00
  8.5  2.69   0.00
  9.0  2.66   0.00
  9.5  2.66   0.00
 10.0  2.66   0.00
 10.5  2.66   0.00
 11.0  2.66   0.00
 11.5  2.66  22.06
 12.0  2.66  31.08
 12.5  2.66  30.20
 13.0  2.66  31.08
 13.5  2.66  32.40
 14.0  2.66  33.72
 14.5  2.66  36.58
 15.0  2.69  33.72
 15.5  2.69  35.92
 16.0  2.71  30.86
 16.5  2.71  42.52
 17.0  2.74  37.68
 17.5  2.74  34.82
 18.0  2.76  40.10
 18.5  2.76  41.64
 19.0  2.79  45.16
 19.5  2.81  52.64
 20.0  2.84  49.56
 20.5  2.86  48.68
 21.0  2.86  47.36
 21.5  2.88  48.02
 22.0  2.91  47.80
 22.5  2.93  49.34
 23.0  2.96  50.22
 23.5  2.98  48.46
 24.0  3.01  40.54
 24.5  3.06  46.48
 25.0  3.08  50.22
 25.5  3.11  40.32
 26.0  3.13  41.42
 26.5  3.16  28.88
 27.0  3.21  37.02
 27.5  3.23  37.24
 28.0  3.26  39.00
 28.5  3.31  44.94
 29.0  3.33  53.30
 29.5  3.36  44.50
 30.0  3.41  18.98
 30.5  3.44   0.00
 31.0  3.49   0.00
 31.5  3.51   0.00
 32.0  3.56   0.00
 32.5  3.59   0.00
 33.0  3.64   0.00
 33.5  3.66   0.00
 34.0  3.72   0.00
 34.5  3.74   0.00
 35.0  3.79   0.00
 35.5  3.83   0.00
 36.0  3.88   0.00
 36.5  3.88   0.00
 37.0  3.94   0.00
 37.5  3.99   0.00
 38.0  4.04   0.00
 38.5  4.09   0.00
 39.0  4.14   0.00
 39.5  4.14   0.00
 40.0  4.20   0.00
 40.5  4.25   0.00
 41.0  4.30   0.00
 41.5  4.35   0.00
 42.0  4.41   0.00
 42.5  4.46   0.00
 43.0  4.46   0.00
 43.5  4.51   0.00
 44.0  4.57   0.00
 44.5  4.62   0.00
 45.0  4.67   0.00
 45.5  4.73   0.00
 46.0  4.78   0.00
 46.5  4.83   0.00
 47.0  4.83   0.00
 47.5  4.89   0.00
 48.0  4.94   0.00
 48.5  5.00   0.00
 49.0  5.05   0.00
 49.5  5.10   0.00
Elevacao = 08
  0.0  3.44   0.00
  0.5  3.41   0.00
  1.0  3.38   0.00
  1.5  3.35   0.00
  2.0  3.32   0.00
  2.5  3.29   0.00
  3.0  3.26   0.00
  3.5  3.23   0.00
  4.0  3.23   0.00
  4.5  3.20   0.00
  5.0  3.17   0.00
  5.5  3.17   0.00
  6.0  3.14   0.00
  6.5  3.11   0.00
  7.0  3.11   0.00
  7.5  3.08   0.00
  8.0  3.08   0.00
  8.5  3.08   0.00
  9.0  3.05   0.00
  9.5  3.05   0.00
 10.0  3.05   0.00
 10.5  3.05   0.00
 11.0  3.05  20.96
 11.5  3.05  24.48
 12.0  3.05  30.86
 12.5  3.05  25.80
 13.0  3.05  28.00
 13.5  3.05  32.18
 14.0  3.05  36.80
 14.5  3.05  32.84
 15.0  3.08  35.04
 15.5  3.08  36.36
 16.0  3.11  36.80
 16.5  3.11  38.34
 17.0  3.14  39.00
 17.5  3.14  36.14
 18.0  3.17  39.22
 18.5  3.17  37.68
 19.0  3.20  44.28
 19.5  3.23  46.92
 20.0  3.26  45.60
 20.5  3.29  50.00
 21.0  3.29  50.00
 21.5  3.32  47.36
 22.0  3.35  47.14
 22.5  3.38  47.80
 23.0  3.41  49.56
 23.5  3.44  46.26
 24.0  3.50  37.46
 24.5  3.53  48.24
 25.0  3.56  47.14
 25.5  3.59  44.72
 26.0  3.62  35.26
 26.5  3.65  31.08
 27.0  3.71  39.88
 27.5  3.74  34.82
 28.0  3.77  37.24
 28.5  3.83  43.62
 29.0  3.86  53.08
 29.5  3.90  48.24
 30.0  3.96  18.32
 30.5  3.99   0.00
 31.0  4.05   0.00
 31.5  4.08   0.00
 32.0  4.14  17.88
 32.5  4.17  18.54
 33.0  4.23   0.00
 33.5  4.26   0.00
 34.0  4.32  18.76
 34.5  4.36   0.00
 35.0  4.42   0.00
 35.5  4.46   0.00
 36.0  4.53   0.00
 36.5  4.59   0.00
 37.0  4.59  17.88
 37.5  4.65   0.00
 38.0  4.71   0.00
 38.5  4.78   0.00
 39.0  4.84   0.00
 39.5  4.84   0.00
 40.0  4.90   0.00
 40.5  4.96   0.00
 41.0  5.03   0.00
 41.5  5.09   0.00
 42.0  5.15   0.00
 42.5  5.22   0.00
 43.0  5.22   0.00
 43.5  5.28   0.00
 44.0  5.34   0.00
 44.5  5.41   0.00
 45.0  5.47   0.00
 45.5  5.54   0.00
 46.0  5.60   0.00
 46.5  5.66   0.00
 47.0  5.66   0.00
 47.5  5.73   0.00
 48.0  5.79   0.00
 48.5  5.86   0.00
 49.0  5.92   0.00
 49.5  5.99   0.00
Elevacao = 09
  0.0  4.13   0.00
  0.5  4.09   0.00
  1.0  4.05   0.00
  1.5  4.01   0.00
  2.0  3.98   0.00
  2.5  3.94   0.00
  3.0  3.90  18.32
  3.5  3.90   0.00
  4.0  3.86   0.00
  4.5  3.82   0.00
  5.0  3.79   0.00
  5.5  3.79   0.00
  6.0  3.75   0.00
  6.5  3.75   0.00
  7.0  3.71   0.00
  7.5  3.71   0.00
  8.0  3.67   0.00
  8.5  3.67   0.00
  9.0  3.64   0.00
  9.5  3.64   0.00
 10.0  3.64   0.00
 10.5  3.64   0.00
 11.0  3.64  21.40
 11.5  3.64  21.18
 12.0  3.64  33.28
 12.5  3.64  29.32
 13.0  3.64  27.12
 13.5  3.64  30.20
 14.0  3.64  34.38
 14.5  3.67  34.16
 15.0  3.67  34.16
 15.5  3.67  34.16
 16.0  3.71  31.08
 16.5  3.71  33.72
 17.0  3.75  37.24
 17.5  3.75  30.64
 18.0  3.79  36.58
 18.5  3.82  37.46
 19.0  3.82  40.76
 19.5  3.86  42.52
 20.0  3.90  46.26
 20.5  3.94  48.68
 21.0  3.98  46.70
 21.5  4.01  47.14
 22.0  4.01  46.26
 22.5  4.09  39.22
 23.0  4.13  44.06
 23.5  4.16  37.46
 24.0  4.20  46.26
 24.5  4.24  48.24
 25.0  4.28  48.68
 25.5  4.32  36.80
 26.0  4.35  32.40
 26.5  4.43  36.80
 27.0  4.47  35.70
 27.5  4.51  32.18
 28.0  4.58  30.42
 28.5  4.62  42.08
 29.0  4.66  52.64
 29.5  4.74  41.86
 30.0  4.78  18.54
 30.5  4.81   0.00
 31.0  4.89  20.52
 31.5  4.93  20.74
 32.0  5.01  23.16
 32.5  5.04  20.08
 33.0  5.12  17.88
 33.5  5.16  18.76
 34.0  5.24  20.30
 34.5  5.28  19.20
 35.0  5.35   0.00
 35.5  5.41   0.00
 36.0  5.49   0.00
 36.5  5.57   0.00
 37.0  5.57   0.00
 37.5  5.65   0.00
 38.0  5.72   0.00
 38.5  5.80   0.00
 39.0  5.88   0.00
 39.5  5.96   0.00
 40.0  5.96   0.00
 40.5  6.04   0.00
 41.0  6.12   0.00
 41.5  6.20   0.00
 42.0  6.27   0.00
 42.5  6.35   0.00
 43.0  6.43   0.00
 43.5  6.43   0.00
 44.0  6.51   0.00
 44.5  6.59   0.00
 45.0  6.67   0.00
 45.5  6.75   0.00
 46.0  6.83   0.00
 46.5  6.91   0.00
 47.0  6.99   0.00
 47.5  6.99   0.00
 48.0  7.07   0.00
 48.5  7.15   0.00
 49.0  7.23   0.00
 49.5  7.31   0.00
Elevacao = 10
  0.0  4.89   0.00
  0.5  4.84   0.00
  1.0  4.79   0.00
  1.5  4.75   0.00
  2.0  4.70   0.00
  2.5  4.66  18.54
  3.0  4.66   0.00
  3.5  4.61   0.00
  4.0  4.56   0.00
  4.5  4.52   0.00
  5.0  4.47   0.00
  5.5  4.47   0.00
  6.0  4.42   0.00
  6.5  4.42   0.00
  7.0  4.38   0.00
  7.5  4.38   0.00
  8.0  4.33   0.00
  8.5  4.33   0.00
  9.0  4.33   0.00
  9.5  4.28   0.00
 10.0  4.28   0.00
 10.5  4.28   0.00
 11.0  4.28  19.64
 11.5  4.28  20.30
 12.0  4.28  26.90
 12.5  4.28  27.34
 13.0  4.28  25.14
 13.5  4.28  23.16
 14.0  4.28  25.80
 14.5  4.33  35.48
 15.0  4.33  23.82
 15.5  4.33  29.54
 16.0  4.38  31.52
 16.5  4.38  35.48
 17.0  4.42  33.50
 17.5  4.42  34.16
 18.0  4.47  33.06
 18.5  4.52  36.36
 19.0  4.52  39.22
 19.5  4.56  44.94
 20.0  4.61  44.94
 20.5  4.66  45.60
 21.0  4.70  47.80
 21.5  4.75  41.86
 22.0  4.79  44.06
 22.5  4.84  41.20
 23.0  4.89  44.28
 23.5  4.93  40.10
 24.0  4.98  46.92
 24.5  5.03  49.34
 25.0  5.07  45.38
 25.5  5.12  28.00
 26.0  5.21  35.26
 26.5  5.26  35.26
 27.0  5.31  28.44
 27.5  5.35  23.60
 28.0  5.45  39.22
 28.5  5.50  40.54
 29.0  5.54  49.34
 29.5  5.64  37.68
 30.0  5.68  20.74
 30.5  5.78   0.00
 31.0  5.82  24.70
 31.5  5.87  21.84
 32.0  5.97  24.48
 32.5  6.01  22.94
 33.0  6.11  22.94
 33.5  6.20   0.00
 34.0  6.25  18.98
 34.5  6.35   0.00
 35.0  6.39   0.00
 35.5  6.46   0.00
 36.0  6.56   0.00
 36.5  6.65   0.00
 37.0  6.75   0.00
 37.5  6.75   0.00
 38.0  6.85   0.00
 38.5  6.94   0.00
 39.0  7.04   0.00
 39.5  7.13   0.00
 40.0  7.23   0.00
 40.5  7.23   0.00
 41.0  7.32   0.00
 41.5  7.42   0.00
 42.0  7.52   0.00
 42.5  7.61   0.00
 43.0  7.71   0.00
 43.5  7.81   0.00
 44.0  7.81   0.00
 44.5  7.90   0.00
 45.0  8.00   0.00
 45.5  8.10   0.00
 46.0  8.19   0.00
 46.5  8.29   0.00
 47.0  8.39   0.00
 47.5  8.49   0.00
 48.0  8.58   0.00
 48.5  8.58   0.00
 49.0  8.68   0.00
 49.5  8.78   0.00
Elevacao = 11
  0.0  5.86   0.00
  0.5  5.74   0.00
  1.0  5.69  19.86
  1.5  5.63  18.76
  2.0  5.63  18.54
  2.5  5.57   0.00
  3.0  5.51   0.00
  3.5  5.46   0.00
  4.0  5.40   0.00
  4.5  5.34   0.00
  5.0  5.34   0.00
  5.5  5.29   0.00
  6.0  5.23   0.00
  6.5  5.23   0.00
  7.0  5.17  20.30
  7.5  5.17  18.54
  8.0  5.12  23.16
  8.5  5.12  20.74
  9.0  5.12  25.36
  9.5  5.12  22.28
 10.0  5.06  20.52
 10.5  5.06  19.20
 11.0  5.06  24.04
 11.5  5.06  27.12
 12.0  5.06  24.26
 12.5  5.06  22.72
 13.0  5.06  22.72
 13.5  5.06  26.46
 14.0  5.12  24.48
 14.5  5.12  26.02
 15.0  5.12  29.32
 15.5  5.17  33.72
 16.0  5.17  31.30
 16.5  5.17  31.96
 17.0  5.23  31.08
 17.5  5.29  29.76
 18.0  5.29  31.52
 18.5  5.34  36.36
 19.0  5.40  35.48
 19.5  5.40  41.42
 20.0  5.46  40.10
 20.5  5.51  37.46
 21.0  5.57  42.52
 21.5  5.63  43.40
 22.0  5.69  43.62
 22.5  5.74  45.38
 23.0  5.80  41.20
 23.5  5.86  33.94
 24.0  5.91  34.38
 24.5  5.97  40.10
 25.0  6.03  43.84
 25.5  6.14  32.84
 26.0  6.20  28.66
 26.5  6.26  23.60
 27.0  6.31  24.48
 27.5  6.43  29.54
 28.0  6.48  30.64
 28.5  6.54  37.46
 29.0  6.66  34.38
 29.5  6.71  27.78
 30.0  6.77  26.68
 30.5  6.89   0.00
 31.0  6.94  26.02
 31.5  7.06  29.10
 32.0  7.12  23.38
 32.5  7.23  24.92
 33.0  7.29  25.14
 33.5  7.41  20.52
 34.0  7.46  21.62
 34.5  7.58  21.84
 35.0  7.64   0.00
 35.5  7.72   0.00
 36.0  7.84   0.00
 36.5  7.96   0.00
 37.0  8.07   0.00
 37.5  8.19   0.00
 38.0  8.19   0.00
 38.5  8.31   0.00
 39.0  8.42   0.00
 39.5  8.54   0.00
 40.0  8.66   0.00
 40.5  8.77   0.00
 41.0  8.77   0.00
 41.5  8.89   0.00
 42.0  9.01   0.00
 42.5  9.12   0.00
 43.0  9.24   0.00
 43.5  9.36   0.00
 44.0  9.48   0.00
 44.5  9.48   0.00
 45.0  9.59   0.00
 45.5  9.71   0.00
 46.0  9.83   0.00
 46.5  9.95   0.00
 47.0 10.07   0.00
 47.5 10.18   0.00
 48.0 10.30   0.00
 48.5 10.42   0.00
 49.0 10.54   0.00
 49.5 10.54   0.00
Elevacao = 12
  0.0  6.93  20.96
  0.5  6.86  18.76
  1.0  6.79  21.40
  1.5  6.72  24.70
  2.0  6.65  20.52
  2.5  6.58  23.38
  3.0  6.51  22.94
  3.5  6.45   0.00
  4.0  6.38   0.00
  4.5  6.38  23.16
  5.0  6.31   0.00
  5.5  6.24  21.40
  6.0  6.24  19.20
  6.5  6.17  23.16
  7.0  6.17  20.08
  7.5  6.10  22.06
  8.0  6.10  25.14
  8.5  6.03  23.38
  9.0  6.03  25.80
  9.5  6.03  29.76
 10.0  6.03  25.58
 10.5  5.96  26.90
 11.0  5.96  24.48
 11.5  5.96  28.44
 12.0  5.96  25.36
 12.5  5.96  26.24
 13.0  5.96  27.56
 13.5  6.03  26.90
 14.0  6.03  25.14
 14.5  6.03  26.90
 15.0  6.03  25.14
 15.5  6.10  30.20
 16.0  6.10  29.32
 16.5  6.17  28.88
 17.0  6.17  28.22
 17.5  6.24  27.12
 18.0  6.31  28.88
 18.5  6.31  28.44
 19.0  6.38  38.34
 19.5  6.45  40.76
 20.0  6.51  37.46
 20.5  6.51  36.80
 21.0  6.58  40.54
 21.5  6.65  34.60
 22.0  6.72  43.40
 22.5  6.79  42.74
 23.0  6.86  36.80
 23.5  6.93  34.60
 24.0  7.00  29.10
 24.5  7.07  28.22
 25.0  7.21  27.34
 25.5  7.27  23.38
 26.0  7.34  26.02
 26.5  7.41  18.32
 27.0  7.55  22.72
 27.5  7.62  23.60
 28.0  7.69  23.60
 28.5  7.83  21.40
 29.0  7.90  22.06
 29.5  7.97  23.38
 30.0  8.11  20.96
 30.5  8.18   0.00
 31.0  8.32  21.40
 31.5  8.39  22.06
 32.0  8.53  24.26
 32.5  8.60  23.60
 33.0  8.74  18.98
 33.5  8.81  20.30
 34.0  8.95  21.18
 34.5  9.02  20.96
 35.0  9.19   0.00
 35.5  9.33   0.00
 36.0  9.33   0.00
 36.5  9.47   0.00
 37.0  9.61   0.00
 37.5  9.75   0.00
 38.0  9.89   0.00
 38.5  9.89   0.00
 39.0 10.03   0.00
 39.5 10.17   0.00
 40.0 10.31   0.00
 40.5 10.46   0.00
 41.0 10.60   0.00
 41.5 10.74   0.00
 42.0 10.74   0.00
 42.5 10.88   0.00
 43.0 11.02   0.00
 43.5 11.16   0.00
 44.0 11.30   0.00
 44.5 11.45   0.00
 45.0 11.59   0.00
 45.5 11.73   0.00
 46.0 11.73   0.00
 46.5 11.87   0.00
 47.0 12.02   0.00
 47.5 12.16   0.00
 48.0 12.30   0.00
 48.5 12.44   0.00
 49.0 12.59   0.00
 49.5 12.73   0.00
Elevacao = 13
  0.0  8.15  20.74
  0.5  8.07  21.62
  1.0  7.98  24.26
  1.5  7.90  24.48
  2.0  7.82  20.08
  2.5  7.74  20.08
  3.0  7.65  22.72
  3.5  7.65  24.70
  4.0  7.57  29.32
  4.5  7.49  25.14
  5.0  7.41   0.00
  5.5  7.41   0.00
  6.0  7.32  23.16
  6.5  7.32  20.30
  7.0  7.24  30.20
  7.5  7.24  29.76
  8.0  7.16  24.92
  8.5  7.16  31.52
  9.0  7.07  26.24
  9.5  7.07  26.24
 10.0  7.07  24.26
 10.5  7.07  28.44
 11.0  7.07  26.90
 11.5  7.07  25.80
 12.0  7.07  25.58
 12.5  7.07  25.14
 13.0  7.07  20.30
 13.5  7.07  26.02
 14.0  7.07  25.14
 14.5  7.07  24.70
 15.0  7.16  26.24
 15.5  7.16  31.30
 16.0  7.24  26.02
 16.5  7.24  22.94
 17.0  7.32  24.26
 17.5  7.32  25.80
 18.0  7.41  35.26
 18.5  7.49  31.52
 19.0  7.49  32.18
 19.5  7.57  29.10
 20.0  7.65  35.70
 20.5  7.74  30.42
 21.0  7.82  35.04
 21.5  7.90  31.96
 22.0  7.98  41.64
 22.5  8.07  42.08
 23.0  8.15  37.68
 23.5  8.23  30.86
 24.0  8.32  27.56
 24.5  8.40  28.44
 25.0  8.48  24.92
 25.5  8.56  29.10
 26.0  8.73  24.04
 26.5  8.81  20.74
 27.0  8.90  23.16
 27.5  8.98  22.06
 28.0  9.15  20.96
 28.5  9.23  20.08
 29.0  9.40  21.18
 29.5  9.48  18.10
 30.0  9.56  19.86
 30.5  9.73  18.54
 31.0  9.81  19.20
 31.5  9.98  20.30
 32.0 10.06   0.00
 32.5 10.23  18.10
 33.0 10.32   0.00
 33.5 10.48  20.74
 34.0 10.57  20.08
 34.5 10.73  19.20
 35.0 10.86   0.00
 35.5 11.03   0.00
 36.0 11.20   0.00
 36.5 11.20   0.00
 37.0 11.36   0.00
 37.5 11.53   0.00
 38.0 11.70   0.00
 38.5 11.87   0.00
 39.0 12.04   0.00
 39.5 12.04   0.00
 40.0 12.20   0.00
 40.5 12.37   0.00
 41.0 12.54   0.00
 41.5 12.71   0.00
 42.0 12.88   0.00
 42.5 13.05   0.00
 43.0 13.22   0.00
 43.5 13.22   0.00
 44.0 13.39   0.00
 44.5 13.56   0.00
 45.0 13.73   0.00
 45.5 13.90   0.00
 46.0 14.07   0.00
 46.5 14.24   0.00
 47.0 14.41   0.00
 47.5 14.58   0.00
 48.0 14.58   0.00
 48.5 14.75   0.00
 49.0 14.92   0.00
 49.5 15.09   0.00
Elevacao = 14
  0.0  9.69  21.18
  0.5  9.59   0.00
  1.0  9.49  20.30
  1.5  9.39  19.42
  2.0  9.30  21.18
  2.5  9.20   0.00
  3.0  9.10  19.86
  3.5  9.00  22.50
  4.0  8.90  23.82
  4.5  8.90  25.14
  5.0  8.80  30.20
  5.5  8.70   0.00
  6.0  8.70   0.00
  6.5  8.60  21.84
  7.0  8.50  26.24
  7.5  8.50  24.26
  8.0  8.50  23.82
  8.5  8.40  28.00
  9.0  8.40  25.58
  9.5  8.40  24.92
 10.0  8.31  26.24
 10.5  8.31  22.28
 11.0  8.31  23.60
 11.5  8.31  22.72
 12.0  8.31  23.16
 12.5  8.31  20.74
 13.0  8.31  19.86
 13.5  8.31  24.26
 14.0  8.40  22.94
 14.5  8.40  25.14
 15.0  8.40  26.68
 15.5  8.50  23.38
 16.0  8.50  24.04
 16.5  8.60  22.06
 17.0  8.60  26.02
 17.5  8.70  31.52
 18.0  8.70  31.52
 18.5  8.80  30.20
 19.0  8.90  27.12
 19.5  9.00  32.62
 20.0  9.00  24.70
 20.5  9.10  31.74
 21.0  9.20  31.52
 21.5  9.30  35.48
 22.0  9.39  39.22
 22.5  9.49  37.68
 23.0  9.59  34.60
 23.5  9.69  26.24
 24.0  9.79  27.34
 24.5  9.99  29.76
 25.0 10.09  31.30
 25.5 10.19  25.80
 26.0 10.29  29.32
 26.5 10.39  34.38
 27.0 10.59  27.56
 27.5 10.69  25.14
 28.0 10.79  25.14
 28.5 10.98  21.62
 29.0 11.08  21.62
 29.5 11.28  18.76
 30.0 11.38  17.88
 30.5 11.48  18.98
 31.0 11.68   0.00
 31.5 11.78   0.00
 32.0 11.98   0.00
 32.5 12.18   0.00
 33.0 12.28   0.00
 33.5 12.48  18.10
 34.0 12.58   0.00
 34.5 12.83   0.00
 35.0 12.83   0.00
 35.5 13.03   0.00
 36.0 13.23   0.00
 36.5 13.43   0.00
 37.0 13.63   0.00
 37.5 13.83   0.00
 38.0 13.83   0.00
 38.5 14.03   0.00
 39.0 14.24   0.00
 39.5 14.44   0.00
 40.0 14.64   0.00
 40.5 14.84   0.00
 41.0 14.84   0.00
 41.5 15.04   0.00
 42.0 15.24   0.00
 42.5 15.44   0.00
 43.0 15.65   0.00
 43.5 15.85   0.00
 44.0 16.05   0.00
 44.5 16.25   0.00
 45.0 16.45   0.00
 45.5 16.45   0.00
 46.0 16.66   0.00
 46.5 16.86   0.00
 47.0 17.06   0.00
 47.5 17.26   0.00
 48.0 17.47   0.00
 48.5 17.67   0.00
 49.0 17.87   0.00
 49.5 18.08   0.00
Elevacao = 15
  0.0 11.49   0.00
  0.5 11.37  19.86
  1.0 11.25  18.10
  1.5 11.13  20.08
  2.0 11.02  18.98
  2.5 10.90  18.98
  3.0 10.78  19.42
  3.5 10.66  19.20
  4.0 10.54  19.20
  4.5 10.43  18.98
  5.0 10.43   0.00
  5.5 10.31   0.00
  6.0 10.19   0.00
  6.5 10.19  22.06
  7.0 10.07  17.88
  7.5 10.07  19.42
  8.0  9.96  19.64
  8.5  9.96  21.40
  9.0  9.96  21.18
  9.5  9.84  22.06
 10.0  9.84  26.24
 10.5  9.84  25.36
 11.0  9.84  23.38
 11.5  9.84  23.16
 12.0  9.84  24.70
 12.5  9.84  24.48
 13.0  9.84  23.60
 13.5  9.84  20.08
 14.0  9.84  25.80
 14.5  9.96  20.96
 15.0  9.96  21.62
 15.5  9.96  19.86
 16.0 10.07  22.72
 16.5 10.07  21.62
 17.0 10.19  28.00
 17.5 10.31  28.22
 18.0 10.31  23.38
 18.5 10.43  22.50
 19.0 10.54  22.94
 19.5 10.54  22.06
 20.0 10.66  21.40
 20.5 10.78  23.60
 21.0 10.90  29.98
 21.5 11.02  32.84
 22.0 11.13  32.18
 22.5 11.25  23.38
 23.0 11.37  23.60
 23.5 11.49  26.24
 24.0 11.61  29.98
 24.5 11.72  27.56
 25.0 11.96  26.46
 25.5 12.08  27.78
 26.0 12.20  26.90
 26.5 12.31  26.24
 27.0 12.55  28.66
 27.5 12.67  22.50
 28.0 12.79  19.64
 28.5 13.02   0.00
 29.0 13.14   0.00
 29.5 13.38   0.00
 30.0 13.50   0.00
 30.5 13.62   0.00
 31.0 13.85   0.00
 31.5 14.09   0.00
 32.0 14.21   0.00
 32.5 14.44   0.00
 33.0 14.56   0.00
 33.5 14.80   0.00
 34.0 14.92   0.00
 34.5 15.10   0.00
 35.0 15.34   0.00
 35.5 15.57   0.00
 36.0 15.81   0.00
 36.5 15.81   0.00
 37.0 16.05   0.00
 37.5 16.29   0.00
 38.0 16.53   0.00
 38.5 16.76   0.00
 39.0 17.00   0.00
 39.5 17.24   0.00
 40.0 17.24   0.00
 40.5 17.48   0.00
 41.0 17.72   0.00
 41.5 17.96   0.00
 42.0 18.20   0.00
 42.5 18.44   0.00
 43.0 18.67   0.00
 43.5 18.91   0.00
 44.0 19.15   0.00
 44.5 19.15   0.00
 45.0 19.39   0.00
 45.5 19.63   0.00
 46.0 19.87   0.00
 46.5 20.11   0.00
 47.0 20.35   0.00
 47.5 20.59   0.00
 48.0 20.83   0.00
 48.5 21.07   0.00
 49.0 21.31   0.00
 49.5 21.55   0.00
Elevacao = 16
  0.0 13.53   0.00
  0.5 13.40   0.00
  1.0 13.26   0.00
  1.5 13.12   0.00
  2.0 12.98   0.00
  2.5 12.84   0.00
  3.0 12.70   0.00
  3.5 12.56   0.00
  4.0 12.42   0.00
  4.5 12.28   0.00
  5.0 12.28  17.88
  5.5 12.14   0.00
  6.0 12.01  18.10
  6.5 12.01   0.00
  7.0 11.87  18.98
  7.5 11.87  18.54
  8.0 11.73  20.52
  8.5 11.73  23.16
  9.0 11.73  18.54
  9.5 11.59  19.20
 10.0 11.59  18.98
 10.5 11.59  18.76
 11.0 11.59  22.28
 11.5 11.59  18.10
 12.0 11.59  20.74
 12.5 11.59  21.40
 13.0 11.59  19.42
 13.5 11.59   0.00
 14.0 11.59  18.54
 14.5 11.73  18.98
 15.0 11.73  18.10
 15.5 11.73  22.72
 16.0 11.87  17.88
 16.5 11.87  20.74
 17.0 12.01  18.54
 17.5 12.14  19.42
 18.0 12.14   0.00
 18.5 12.28   0.00
 19.0 12.42   0.00
 19.5 12.42   0.00
 20.0 12.56   0.00
 20.5 12.70  18.54
 21.0 12.84  18.54
 21.5 12.98   0.00
 22.0 13.12   0.00
 22.5 13.26   0.00
 23.0 13.40  17.88
 23.5 13.53  17.88
 24.0 13.67  20.30
 24.5 13.95  24.26
 25.0 14.09  20.30
 25.5 14.23  18.10
 26.0 14.37   0.00
 26.5 14.65   0.00
 27.0 14.79   0.00
 27.5 14.93   0.00
 28.0 15.20   0.00
 28.5 15.34   0.00
 29.0 15.48   0.00
 29.5 15.76   0.00
 30.0 15.90   0.00
 30.5 16.18   0.00
 31.0 16.32   0.00
 31.5 16.60   0.00
 32.0 16.74   0.00
 32.5 17.02   0.00
 33.0 17.30   0.00
 33.5 17.44   0.00
 34.0 17.65   0.00
 34.5 17.93   0.00
 35.0 18.21   0.00
 35.5 18.49   0.00
 36.0 18.49   0.00
 36.5 18.77   0.00
 37.0 19.05   0.00
 37.5 19.33   0.00
 38.0 19.61   0.00
 38.5 19.89   0.00
 39.0 20.17   0.00
 39.5 20.17   0.00
 40.0 20.45   0.00
 40.5 20.73   0.00
 41.0 21.01   0.00
 41.5 21.29   0.00
 42.0 21.57   0.00
 42.5 21.86   0.00
 43.0 22.14   0.00
 43.5 22.42   0.00
 44.0 22.42   0.00
 44.5 22.70   0.00
 45.0 22.98   0.00
 45.5 23.26   0.00
 46.0 23.55   0.00
 46.5 23.83   0.00
 47.0 24.11   0.00
 47.5 24.39   0.00
 48.0 24.67   0.00
 48.5 24.96   0.00
 49.0 25.24   0.00
 49.5 25.52   0.00
Elevacao = 17
  0.0 15.90   0.00
  0.5 15.74   0.00
  1.0 15.58   0.00
  1.5 15.41   0.00
  2.0 15.25   0.00
  2.5 15.09   0.00
  3.0 14.93   0.00
  3.5 14.76   0.00
  4.0 14.76   0.00
  4.5 14.60   0.00
  5.0 14.44   0.00
  5.5 14.27   0.00
  6.0 14.27   0.00
  6.5 14.11   0.00
  7.0 14.11   0.00
  7.5 13.95   0.00
  8.0 13.95   0.00
  8.5 13.79   0.00
  9.0 13.79   0.00
  9.5 13.79   0.00
 10.0 13.62   0.00
 10.5 13.62   0.00
 11.0 13.62   0.00
 11.5 13.62   0.00
 12.0 13.62   0.00
 12.5 13.62   0.00
 13.0 13.62   0.00
 13.5 13.62   0.00
 14.0 13.79   0.00
 14.5 13.79   0.00
 15.0 13.79   0.00
 15.5 13.95   0.00
 16.0 13.95   0.00
 16.5 14.11   0.00
 17.0 14.11   0.00
 17.5 14.27   0.00
 18.0 14.44   0.00
 18.5 14.44   0.00
 19.0 14.60   0.00
 19.5 14.76   0.00
 20.0 14.93   0.00
 20.5 15.09   0.00
 21.0 15.25   0.00
 21.5 15.41   0.00
 22.0 15.58   0.00
 22.5 15.74   0.00
 23.0 15.90   0.00
 23.5 16.07   0.00
 24.0 16.23   0.00
 24.5 16.39   0.00
 25.0 16.56   0.00
 25.5 16.88   0.00
 26.0 17.05   0.00
 26.5 17.21   0.00
 27.0 17.54   0.00
 27.5 17.70   0.00
 28.0 17.86   0.00
 28.5 18.19   0.00
 29.0 18.35   0.00
 29.5 18.68   0.00
 30.0 18.85   0.00
 30.5 19.17   0.00
 31.0 19.34   0.00
 31.5 19.66   0.00
 32.0 19.83   0.00
 32.5 20.16   0.00
 33.0 20.32   0.00
 33.5 20.56   0.00
 34.0 20.89   0.00
 34.5 21.22   0.00
 35.0 21.55   0.00
 35.5 21.88   0.00
 36.0 22.21   0.00
 36.5 22.21   0.00
 37.0 22.53   0.00
 37.5 22.86   0.00
 38.0 23.19   0.00
 38.5 23.52   0.00
 39.0 23.85   0.00
 39.5 24.18   0.00
 40.0 24.51   0.00
 40.5 24.51   0.00
 41.0 24.84   0.00
 41.5 25.16   0.00
 42.0 25.49   0.00
 42.5 25.82   0.00
 43.0 26.15   0.00
 43.5 26.48   0.00
 44.0 26.81   0.00
 44.5 27.14   0.00
 45.0 27.47   0.00
 45.5 27.80   0.00
 46.0 28.13   0.00
 46.5 28.46   0.00
 47.0 28.46   0.00
 47.5 28.79   0.00
 48.0 29.12   0.00
 48.5 29.45   0.00
 49.0 29.78   0.00
 49.5 30.12   0.00
Elevacao = 18
  0.0 18.97   0.00
  0.5 18.59   0.00
  1.0 18.40   0.00
  1.5 18.21   0.00
  2.0 18.02   0.00
  2.5 17.83   0.00
  3.0 17.64   0.00
  3.5 17.45   0.00
  4.0 17.45   0.00
  4.5 17.26   0.00
  5.0 17.07   0.00
  5.5 16.88   0.00
  6.0 16.88   0.00
  6.5 16.69   0.00
  7.0 16.50   0.00
  7.5 16.50   0.00
  8.0 16.31   0.00
  8.5 16.31   0.00
  9.0 16.31   0.00
  9.5 16.31   0.00
 10.0 16.12   0.00
 10.5 16.12   0.00
 11.0 16.12   0.00
 11.5 16.12   0.00
 12.0 16.12   0.00
 12.5 16.12   0.00
 13.0 16.12   0.00
 13.5 16.12   0.00
 14.0 16.31   0.00
 14.5 16.31   0.00
 15.0 16.31   0.00
 15.5 16.50   0.00
 16.0 16.50   0.00
 16.5 16.69   0.00
 17.0 16.69   0.00
 17.5 16.88   0.00
 18.0 17.07   0.00
 18.5 17.07   0.00
 19.0 17.26   0.00
 19.5 17.45   0.00
 20.0 17.64   0.00
 20.5 17.83   0.00
 21.0 18.02   0.00
 21.5 18.21   0.00
 22.0 18.40   0.00
 22.5 18.59   0.00
 23.0 18.78   0.00
 23.5 18.97   0.00
 24.0 19.16   0.00
 24.5 19.35   0.00
 25.0 19.73   0.00
 25.5 19.92   0.00
 26.0 20.11   0.00
 26.5 20.49   0.00
 27.0 20.68   0.00
 27.5 20.87   0.00
 28.0 21.25   0.00
 28.5 21.44   0.00
 29.0 21.82   0.00
 29.5 22.01   0.00
 30.0 22.39   0.00
 30.5 22.58   0.00
 31.0 22.96   0.00
 31.5 23.35   0.00
 32.0 23.54   0.00
 32.5 23.82   0.00
 33.0 24.20   0.00
 33.5 24.59   0.00
 34.0 24.97   0.00
 34.5 24.97   0.00
 35.0 25.35   0.00
 35.5 25.73   0.00
 36.0 26.11   0.00
 36.5 26.50   0.00
 37.0 26.88   0.00
 37.5 27.26   0.00
 38.0 27.64   0.00
 38.5 27.64   0.00
 39.0 28.02   0.00
 39.5 28.41   0.00
 40.0 28.79   0.00
 40.5 29.17   0.00
 41.0 29.56   0.00
 41.5 29.94   0.00
 42.0 30.32   0.00
 42.5 30.71   0.00
 43.0 31.09   0.00
 43.5 31.47   0.00
 44.0 31.86   0.00
 44.5 32.24   0.00
 45.0 32.62   0.00
 45.5 33.01   0.00
 46.0 33.39   0.00
 46.5 33.78   0.00
 47.0 33.78   0.00
 47.5 34.16   0.00
 48.0 34.54   0.00
 48.5 34.93   0.00
 49.0 35.31   0.00
 49.5 35.70   0.00
Elevacao = 19
  0.0 22.14   0.00
  0.5 21.92   0.00
  1.0 21.70   0.00
  1.5 21.48   0.00
  2.0 21.27   0.00
  2.5 21.05   0.00
  3.0 20.83   0.00
  3.5 20.61   0.00
  4.0 20.39   0.00
  4.5 20.17   0.00
  5.0 20.17   0.00
  5.5 19.95   0.00
  6.0 19.74   0.00
  6.5 19.74   0.00
  7.0 19.52   0.00
  7.5 19.30   0.00
  8.0 19.30   0.00
  8.5 19.30   0.00
  9.0 19.08   0.00
  9.5 19.08   0.00
 10.0 19.08   0.00
 10.5 19.08   0.00
 11.0 18.86   0.00
 11.5 18.86   0.00
 12.0 18.86   0.00
 12.5 18.86   0.00
 13.0 19.08   0.00
 13.5 19.08   0.00
 14.0 19.08   0.00
 14.5 19.08   0.00
 15.0 19.30   0.00
 15.5 19.30   0.00
 16.0 19.52   0.00
 16.5 19.52   0.00
 17.0 19.74   0.00
 17.5 19.74   0.00
 18.0 19.95   0.00
 18.5 20.17   0.00
 19.0 20.39   0.00
 19.5 20.39   0.00
 20.0 20.61   0.00
 20.5 20.83   0.00
 21.0 21.05   0.00
 21.5 21.27   0.00
 22.0 21.48   0.00
 22.5 21.92   0.00
 23.0 22.14   0.00
 23.5 22.36   0.00
 24.0 22.58   0.00
 24.5 22.80   0.00
 25.0 23.24   0.00
 25.5 23.45   0.00
 26.0 23.67   0.00
 26.5 24.11   0.00
 27.0 24.33   0.00
 27.5 24.77   0.00
 28.0 24.99   0.00
 28.5 25.42   0.00
 29.0 25.64   0.00
 29.5 26.08   0.00
 30.0 26.30   0.00
 30.5 26.74   0.00
 31.0 26.96   0.00
 31.5 27.29   0.00
 32.0 27.73   0.00
 32.5 28.17   0.00
 33.0 28.60   0.00
 33.5 29.04   0.00
 34.0 29.48   0.00
 34.5 29.48   0.00
 35.0 29.92   0.00
 35.5 30.36   0.00
 36.0 30.80   0.00
 36.5 31.24   0.00
 37.0 31.68   0.00
 37.5 32.12   0.00
 38.0 32.56   0.00
 38.5 33.00   0.00
 39.0 33.44   0.00
 39.5 33.88   0.00
 40.0 33.88   0.00
 40.5 34.32   0.00
 41.0 34.76   0.00
 41.5 35.20   0.00
 42.0 35.64   0.00
 42.5 36.08   0.00
 43.0 36.52   0.00
 43.5 36.96   0.00
 44.0 37.40   0.00
 44.5 37.84   0.00
 45.0 38.28   0.00
 45.5 38.72   0.00
 46.0 39.17   0.00
 46.5 39.61   0.00
 47.0 40.05   0.00
 47.5 40.49   0.00
 48.0 40.93   0.00
 48.5 41.37   0.00
 49.0 41.81   0.00
 49.5 42.26   0.00
Elevacao = 20
  0.0 26.22   0.00
  0.5 25.97   0.00
  1.0 25.72   0.00
  1.5 25.47   0.00
  2.0 25.22   0.00
  2.5 24.97   0.00
  3.0 24.72   0.00
  3.5 24.47   0.00
  4.0 24.22   0.00
  4.5 23.97   0.00
  5.0 23.72   0.00
  5.5 23.47   0.00
  6.0 23.47   0.00
  6.5 23.22   0.00
  7.0 22.97   0.00
  7.5 22.97   0.00
  8.0 22.72   0.00
  8.5 22.72   0.00
  9.0 22.72   0.00
  9.5 22.47   0.00
 10.0 22.47   0.00
 10.5 22.47   0.00
 11.0 22.47   0.00
 11.5 22.47   0.00
 12.0 22.47   0.00
 12.5 22.47   0.00
 13.0 22.47   0.00
 13.5 22.47   0.00
 14.0 22.47   0.00
 14.5 22.72   0.00
 15.0 22.72   0.00
 15.5 22.72   0.00
 16.0 22.97   0.00
 16.5 23.22   0.00
 17.0 23.22   0.00
 17.5 23.47   0.00
 18.0 23.72   0.00
 18.5 23.72   0.00
 19.0 23.97   0.00
 19.5 24.22   0.00
 20.0 24.47   0.00
 20.5 24.72   0.00
 21.0 24.97   0.00
 21.5 25.22   0.00
 22.0 25.47   0.00
 22.5 25.72   0.00
 23.0 26.22   0.00
 23.5 26.47   0.00
 24.0 26.72   0.00
 24.5 26.97   0.00
 25.0 27.47   0.00
 25.5 27.72   0.00
 26.0 28.23   0.00
 26.5 28.48   0.00
 27.0 28.98   0.00
 27.5 29.23   0.00
 28.0 29.73   0.00
 28.5 29.98   0.00
 29.0 30.48   0.00
 29.5 30.73   0.00
 30.0 31.11   0.00
 30.5 31.61   0.00
 31.0 32.11   0.00
 31.5 32.61   0.00
 32.0 33.11   0.00
 32.5 33.62   0.00
 33.0 33.62   0.00
 33.5 34.12   0.00
 34.0 34.62   0.00
 34.5 35.12   0.00
 35.0 35.63   0.00
 35.5 36.13   0.00
 36.0 36.63   0.00
 36.5 37.13   0.00
 37.0 37.64   0.00
 37.5 38.14   0.00
 38.0 38.64   0.00
 38.5 39.14   0.00
 39.0 39.65   0.00
 39.5 40.15   0.00
 40.0 40.65   0.00
 40.5 41.16   0.00
 41.0 41.66   0.00
 41.5 42.16   0.00
 42.0 42.67   0.00
 42.5 43.17   0.00
 43.0 43.67   0.00
 43.5 44.18   0.00
 44.0 44.68   0.00
 44.5 45.19   0.00
 45.0 45.69   0.00
 45.5 46.19   0.00
 46.0 46.70   0.00
 46.5 47.20   0.00
 47.0 47.71   0.00
 47.5 48.21   0.00
 48.0 48.72   0.00
 48.5 49.22   0.00
 49.0 49.73   0.00
 49.5 50.23   0.00
